<?xml version="1.0"?>
<opencv_storage>
<tvec type_id="opencv-matrix">
  <rows>3</rows>
  <cols>1</cols>
  <dt>d</dt>
  <data>
    0.00 0.02 0.07</data></tvec>
<!-- 9.5 degrees -->
<rmat type_id="opencv-matrix">
  <rows>3</rows>
  <cols>3</cols>
  <dt>d</dt>
  <data>
  0.00000  -0.16505   0.98629
  -1.00000   0.00000   0.00000
   0.00000  -0.98629  -0.16505
    </data></rmat>
</opencv_storage>
<!--
  0 0 1
  -1 0 0
  0 -1 0
-->
<!-- 9 degrees (pretty level)
   0.00000  -0.15643   0.98769
  -1.00000   0.00000   0.00000
   0.00000  -0.98769  -0.15643
-->
<!-- 10 degrees (about level)
   0.00000  -0.17365   0.98481
  -1.00000   0.00000   0.00000
   0.00000  -0.98481  -0.17365
-->
<!-- 8 deg (a little high)
   0.00000  -0.13917   0.99027
  -1.00000   0.00000   0.00000
   0.00000  -0.99027  -0.13917
-->
<!-- 12 degrees (too far down)
   0.00000  -0.20791   0.97815
  -1.00000   0.00000   0.00000
   0.00000  -0.97815  -0.20791
-->
