<?xml version="1.0"?>
<opencv_storage>
<tvec type_id="opencv-matrix">
  <rows>3</rows>
  <cols>1</cols>
  <dt>d</dt>
  <data>
    1.0107551838001894e-01 -3.9103830080171820e-02
    1.6623327524650253e+00</data></tvec>
<rvec type_id="opencv-matrix">
  <rows>3</rows>
  <cols>1</cols>
  <dt>d</dt>
  <data>
    -1.9394239192270457e+00 1.9791863459740822e+00
    -5.0065031079025712e-01</data></rvec>
<rmat type_id="opencv-matrix">
  <rows>3</rows>
  <cols>3</cols>
  <dt>d</dt>
  <data>
    -2.3626020863954489e-02 -8.8584640047111840e-01
    4.6337669979240309e-01 -9.9962878245255693e-01
    1.4642030214728985e-02 -2.2976253907234540e-02
    1.3568656180872440e-02 -4.6374752368455174e-01
    -8.8586349165426803e-01</data></rmat>
</opencv_storage>
