<?xml version="1.0"?>
<opencv_storage>
<imgsize type_id="opencv-matrix">
  <rows>2</rows>
  <cols>1</cols>
  <dt>d</dt>
  <data>
    640. 480.</data></imgsize>
<intrinsic type_id="opencv-matrix">
  <rows>3</rows>
  <cols>3</cols>
  <dt>d</dt>
  <data>
    8.1698373056188257e+02 0. 2.9547014727365217e+02 0.
    8.2052985813050191e+02 2.4482366783817491e+02 0. 0. 1.</data></intrinsic>
<distortion type_id="opencv-matrix">
  <rows>1</rows>
  <cols>5</cols>
  <dt>d</dt>
  <data>
    -1.2849363896164626e-01 1.5939459271785780e-01
    -6.4026047883585348e-05 -3.5476256881784344e-03
    -1.0394483012956639e-02</data></distortion>
<projection type_id="opencv-matrix">
  <rows>3</rows>
  <cols>4</cols>
  <dt>d</dt>
  <data>
    7.9547411880529921e+02 0. 3.2433710098266602e+02 0. 0.
    7.9547411880529921e+02 2.4512946319580078e+02 0. 0. 0. 1. 0.</data></projection>
<rotation type_id="opencv-matrix">
  <rows>3</rows>
  <cols>3</cols>
  <dt>d</dt>
  <data>
    9.9991744547751149e-01 -5.4076041507960916e-03
    -1.1655901813081817e-02 5.4684143485787791e-03
    9.9997157159421213e-01 5.1915747046354394e-03 1.1627496473453295e-02
    -5.2548854173850162e-03 9.9991859043874665e-01</data></rotation>
<tvec type_id="opencv-matrix">
  <rows>3</rows>
  <cols>1</cols>
  <dt>d</dt>
  <data>
    0. 0. 0.</data></tvec>
<rmat type_id="opencv-matrix">
  <rows>3</rows>
  <cols>3</cols>
  <dt>d</dt>
  <data>
    1. 0. 0. 0. 1. 0. 0. 0. 1.</data></rmat>
</opencv_storage>
