<?xml version="1.0"?>
<opencv_storage>
<imgsize type_id="opencv-matrix">
  <rows>2</rows>
  <cols>1</cols>
  <dt>d</dt>
  <data>
    640. 480.</data></imgsize>
<intrinsic type_id="opencv-matrix">
  <rows>3</rows>
  <cols>3</cols>
  <dt>d</dt>
  <data>
    8.4019022880144178e+02 0. 3.5538421894843793e+02 0.
    8.3824001471974236e+02 2.1730822762756614e+02 0. 0. 1.</data></intrinsic>
<distortion type_id="opencv-matrix">
  <rows>1</rows>
  <cols>5</cols>
  <dt>d</dt>
  <data>
    -1.1467502700374374e-01 -3.7032090535384481e+00
    -5.3768420502334048e-03 7.5719847220204542e-03
    1.0803837983964813e+02</data></distortion>
<projection type_id="opencv-matrix">
  <rows>3</rows>
  <cols>4</cols>
  <dt>d</dt>
  <data>
    8.1635129072851953e+02 0. 2.8973702430725098e+02 0. 0.
    8.1635129072851953e+02 2.3668357563018799e+02 0. 0. 0. 1. 0.</data></projection>
<rotation type_id="opencv-matrix">
  <rows>3</rows>
  <cols>3</cols>
  <dt>d</dt>
  <data>
    9.9945450933618019e-01 1.9746451878810359e-03 3.2966415394415478e-02
    -1.8420061771581106e-03 9.9999008865693417e-01
    -4.0533444388985308e-03 -3.2974092570053952e-02
    3.9904090365545930e-03 9.9944824070829319e-01</data></rotation>
<tvec type_id="opencv-matrix">
  <rows>3</rows>
  <cols>1</cols>
  <dt>d</dt>
  <data>
    0. 0. 0.</data></tvec>
<rmat type_id="opencv-matrix">
  <rows>3</rows>
  <cols>3</cols>
  <dt>d</dt>
  <data>
    1. 0. 0. 0. 1. 0. 0. 0. 1.</data></rmat>
</opencv_storage>
