<?xml version="1.0"?>
<opencv_storage>
<tvec type_id="opencv-matrix">
  <rows>3</rows>
  <cols>1</cols>
  <dt>d</dt>
  <data>
    -7.9967930964735479e-01 -1.6255393922841983e-02
    1.1477961915918333e+00</data></tvec>
<rvec type_id="opencv-matrix">
  <rows>3</rows>
  <cols>1</cols>
  <dt>d</dt>
  <data>
    2.5540269797812210e+00 -1.3470489462794772e-02
    1.1665937612173979e-02</data></rvec>
<rmat type_id="opencv-matrix">
  <rows>3</rows>
  <cols>3</cols>
  <dt>d</dt>
  <data>
    9.9991080499691787e-01 -1.2195343262416723e-02
    5.4457004258150338e-03 -7.1318923264409055e-03
    -8.3227607087335032e-01 -5.5431550398979657e-01
    1.1292394000385762e-02 5.5422722366763066e-01
    -8.3228881188167503e-01</data></rmat>
</opencv_storage>
