<?xml version="1.0"?>
<opencv_storage>
<tvec type_id="opencv-matrix">
  <rows>3</rows>
  <cols>1</cols>
  <dt>d</dt>
  <data>
    -1.1711660425347667e-01 7.0833980085728229e-04
    3.3544638221761681e-03</data></tvec>
<rmat type_id="opencv-matrix">
  <rows>3</rows>
  <cols>3</cols>
  <dt>d</dt>
  <data>
    9.9985477855539318e-01 3.3986051933239500e-04 1.7038377116761528e-02
    -5.1709420032968031e-04 9.9994579833463260e-01
    1.0398702154699815e-02 -1.7033919500031962e-02
    -1.0406002486140981e-02 9.9980076050117350e-01</data></rmat>
</opencv_storage>
