<?xml version="1.0"?>
<opencv_storage>
<imgsize type_id="opencv-matrix">
  <rows>2</rows>
  <cols>1</cols>
  <dt>d</dt>
  <data>
    640. 480.</data></imgsize>
<intrinsic type_id="opencv-matrix">
  <rows>3</rows>
  <cols>3</cols>
  <dt>d</dt>
  <data>
    8.3586401957789565e+02 0. 3.3295247287852231e+02 0.
    8.3350360916451632e+02 2.2981057613938634e+02 0. 0. 1.</data></intrinsic>
<distortion type_id="opencv-matrix">
  <rows>1</rows>
  <cols>5</cols>
  <dt>d</dt>
  <data>
    5.8328228280350919e-02 -1.5422706445791421e+00
    2.5992074243574002e-04 8.9446563672181695e-03 8.0650160665816877e+00</data></distortion>
<projection type_id="opencv-matrix">
  <rows>3</rows>
  <cols>4</cols>
  <dt>d</dt>
  <data>
    8.1635129072851953e+02 0. 2.8973702430725098e+02
    -1.0134940856435685e+05 0. 8.1635129072851953e+02
    2.3668357563018799e+02 0. 0. 0. 1. 0.</data></projection>
<rotation type_id="opencv-matrix">
  <rows>3</rows>
  <cols>3</cols>
  <dt>d</dt>
  <data>
    9.9963881793418352e-01 -8.4339013216665881e-03
    2.5516719766549043e-02 8.3311847103039044e-03 9.9995677001270589e-01
    4.1291000326066909e-03 -2.5550441101300041e-02
    -3.9150241701507681e-03 9.9966586795052481e-01</data></rotation>
<tvec type_id="opencv-matrix">
  <rows>3</rows>
  <cols>1</cols>
  <dt>d</dt>
  <data>
    -1.2410441941629051e-01 1.0470626071752223e-03
    -3.1678818741553792e-03</data></tvec>
<rmat type_id="opencv-matrix">
  <rows>3</rows>
  <cols>3</cols>
  <dt>d</dt>
  <data>
    9.9992068080818930e-01 1.0203077407463386e-02 7.3843959471670689e-03
    -1.0142132885085078e-02 9.9991458258762056e-01
    -8.2440687264190397e-03 -7.4678800625413780e-03
    8.1685212885781750e-03 9.9993875113795327e-01</data></rmat>
</opencv_storage>
