<?xml version="1.0"?>
<opencv_storage>
<imgsize type_id="opencv-matrix">
  <rows>2</rows>
  <cols>1</cols>
  <dt>d</dt>
  <data>
    640. 480.</data></imgsize>
<intrinsic type_id="opencv-matrix">
  <rows>3</rows>
  <cols>3</cols>
  <dt>d</dt>
  <data>
    8.4517915893927091e+02 0. 3.0545435575040699e+02 0.
    8.6171583047015883e+02 2.2183981443515819e+02 0. 0. 1.</data></intrinsic>
<distortion type_id="opencv-matrix">
  <rows>1</rows>
  <cols>5</cols>
  <dt>d</dt>
  <data>
    2.7958194761887289e-01 -6.3394990543029452e+00
    -1.4279190487191161e-02 9.8757401928470500e-03
    3.0875862748844085e+01</data></distortion>
<projection type_id="opencv-matrix">
  <rows>3</rows>
  <cols>4</cols>
  <dt>d</dt>
  <data>
    8.6171583047015883e+02 0. 3.0314217758178711e+02 0. 0.
    8.6171583047015883e+02 2.2723799514770508e+02 0. 0. 0. 1. 0.</data></projection>
<rotation type_id="opencv-matrix">
  <rows>3</rows>
  <cols>3</cols>
  <dt>d</dt>
  <data>
    9.9927277027595973e-01 -3.8287477482708571e-03
    3.7937728921076982e-02 3.8571199306314204e-03 9.9999233367461260e-01
    -6.7469833466135727e-04 -3.7934854828373020e-02
    8.2053804432200917e-04 9.9927987746500124e-01</data></rotation>
<tvec type_id="opencv-matrix">
  <rows>3</rows>
  <cols>1</cols>
  <dt>d</dt>
  <data>
    0. 0. 0.</data></tvec>
<rmat type_id="opencv-matrix">
  <rows>3</rows>
  <cols>3</cols>
  <dt>d</dt>
  <data>
    1. 0. 0. 0. 1. 0. 0. 0. 1.</data></rmat>
</opencv_storage>
