<?xml version="1.0"?>
<opencv_storage>
<imgsize type_id="opencv-matrix">
  <rows>2</rows>
  <cols>1</cols>
  <dt>d</dt>
  <data>
    640. 480.</data></imgsize>
<intrinsic type_id="opencv-matrix">
  <rows>3</rows>
  <cols>3</cols>
  <dt>d</dt>
  <data>
    8.5468557462737817e+02 0. 3.2264729313398249e+02 0.
    8.6222237633328893e+02 2.3263199512751933e+02 0. 0. 1.</data></intrinsic>
<distortion type_id="opencv-matrix">
  <rows>1</rows>
  <cols>5</cols>
  <dt>d</dt>
  <data>
    5.4683171963247026e-02 -1.4657940832353984e+00
    -3.5358265400314681e-03 1.8288384522476293e-02
    6.8877246388976365e+00</data></distortion>
<projection type_id="opencv-matrix">
  <rows>3</rows>
  <cols>4</cols>
  <dt>d</dt>
  <data>
    8.6171583047015883e+02 0. 3.0314217758178711e+02
    -1.1335848737006528e+05 0. 8.6171583047015883e+02
    2.2723799514770508e+02 0. 0. 0. 1. 0.</data></projection>
<rotation type_id="opencv-matrix">
  <rows>3</rows>
  <cols>3</cols>
  <dt>d</dt>
  <data>
    9.9994580407045452e-01 -1.0342942579108848e-02
    -1.1884698975898648e-03 1.0343828382810970e-02
    9.9994622616315976e-01 7.4161744974820653e-04 1.1807354823050917e-03
    -7.5387058575995672e-04 9.9999901877094888e-01</data></rotation>
<tvec type_id="opencv-matrix">
  <rows>3</rows>
  <cols>1</cols>
  <dt>d</dt>
  <data>
    -1.3154260348173535e-01 1.3606113341138894e-03
    1.5634289763778706e-04</data></tvec>
<rmat type_id="opencv-matrix">
  <rows>3</rows>
  <cols>3</cols>
  <dt>d</dt>
  <data>
    9.9921372011680754e-01 6.5161776763127876e-03 3.9108579094886242e-02
    -6.4499103941075822e-03 9.9997754218863444e-01
    -1.8203775119182354e-03 -3.9119562705099774e-02
    1.5666993548979129e-03 9.9923330872569149e-01</data></rmat>
</opencv_storage>
