<?xml version="1.0"?>
<opencv_storage>
<tvec type_id="opencv-matrix">
  <rows>3</rows>
  <cols>1</cols>
  <dt>d</dt>
  <data>
    -9.1676187187536187e-02 1.0428937606654812e-01
    3.6377017508710321e-02</data></tvec>
<rmat type_id="opencv-matrix">
  <rows>3</rows>
  <cols>3</cols>
  <dt>d</dt>
  <data>
    9.9959647878764901e-01 1.5158542017717649e-02 2.4022868255690669e-02
    -1.5070242992328790e-02 9.9987901598855489e-01
    -3.8524228624806753e-03 -2.4078358986553607e-02
    3.4888378661507586e-03 9.9970398650743530e-01</data></rmat>
</opencv_storage>
