<?xml version="1.0"?>
<opencv_storage>
<imgsize type_id="opencv-matrix">
  <rows>2</rows>
  <cols>1</cols>
  <dt>d</dt>
  <data>
    640. 480.</data></imgsize>
<intrinsic type_id="opencv-matrix">
  <rows>3</rows>
  <cols>3</cols>
  <dt>d</dt>
  <data>
    1.0449591721217521e+03 0. 3.1926145156570749e+02 0.
    1.0436770161378254e+03 2.5867989701602858e+02 0. 0. 1.</data></intrinsic>
<distortion type_id="opencv-matrix">
  <rows>4</rows>
  <cols>1</cols>
  <dt>d</dt>
  <data>
    -2.4475961845477101e-01 3.0009972663290446e-01
    4.5344400468442679e-03 2.5786313251803025e-03</data></distortion>
<tvecs type_id="opencv-matrix">
  <rows>29</rows>
  <cols>3</cols>
  <dt>d</dt>
  <data>
    0. 1.6975966333650966e-313 1.9976046382552613e-316
    1.9976046382552613e-316 6.3240402667679558e-322
    1.9940592231807046e-316 0. 1.9975983142149946e-316
    4.2439918195761203e-314 4.0317920037233356e-313 0. 0.
    1.9975983142149946e-316 1.9975983142149946e-316
    2.5463949491583268e-313 1.9975998952250613e-316
    4.2439918200701859e-314 6.3659876189405086e-314
    1.0609979199388856e-313 1.4853970781813467e-313
    2.3341953944192359e-313 1.6975966570308411e-313
    4.2439916061397613e-313 4.0317920269444209e-313
    1.6975966568826214e-313 2.1219958149768627e-313
    1.2731974984919406e-313 8.4879834015066649e-314
    2.7216751859753276e-312 0. 0. 0. 0. 1.6975966333650966e-313
    1.9976172863357949e-316 1.9976172863357949e-316
    6.3240402667679558e-322 1.9940592231807046e-316 0.
    1.9976109622955281e-316 4.2439918195761203e-314
    4.0317920037233356e-313 0. 0. 1.9976109622955281e-316
    1.9976109622955281e-316 2.5463949491583268e-313
    1.9976125433055948e-316 4.2439918200701859e-314
    6.3659876189405086e-314 1.0609979199388856e-313
    1.4853970781813467e-313 2.3341953944192359e-313
    1.6975966570308411e-313 4.2439916061397613e-313
    4.0317920269444209e-313 1.6975966568826214e-313
    2.1219958149768627e-313 1.2731974984919406e-313
    8.4879834015066649e-314 2.7216751859753276e-312 0. 0. 0. 0.
    1.6975966331180638e-313 1.9976279581537450e-316
    1.9976279581537450e-316 6.3240402667679558e-322
    1.9940592231807046e-316 0. 1.9976236103760616e-316
    4.2439918200701859e-314 4.0317920036739290e-313 0. 0.
    1.9976236103760616e-316 1.9976236103760616e-316
    1.4853970536756906e-313 1.9976251913861283e-316
    4.2439918200701859e-314 6.3659876189405086e-314
    2.3341953944192359e-313 1.6975966570308411e-313
    4.2439916061397613e-313 1.6975966568826214e-313
    2.1219958149768627e-313</data></tvecs>
<rvecs type_id="opencv-matrix">
  <rows>29</rows>
  <cols>3</cols>
  <dt>d</dt>
  <data>
    2.1219957968940601e-314 0. 0. 1.9975536506806105e-316
    1.9975536506806105e-316 4.2439915819305446e-314
    1.9975552316906772e-316 6.3659876046126048e-314
    6.3659876100473269e-314 2.7216751859753276e-312 0. 0. 0. 0.
    1.6975966328710310e-313 1.9975647177510774e-316
    1.9975647177510774e-316 6.3240402667679558e-322
    1.9940592231807046e-316 0. 1.9975623462359773e-316
    6.3659876046126048e-314 2.1219957968940601e-314 0. 0.
    1.9975623462359773e-316 1.9975623462359773e-316
    4.2439915819305446e-314 1.9975639272460440e-316
    6.3659876046126048e-314 6.3659876100473269e-314
    2.7216751859753276e-312 0. 0. 0. 0. 1.6975966328710310e-313
    1.9975734133064442e-316 1.9975734133064442e-316
    6.3240402667679558e-322 1.9940592231807046e-316 0.
    1.9975710417913441e-316 6.3659876046126048e-314
    2.1219957968940601e-314 0. 0. 1.9975710417913441e-316
    1.9975710417913441e-316 4.2439915819305446e-314
    1.9975726228014108e-316 6.3659876046126048e-314
    6.3659876100473269e-314 2.8914348492525494e-312
    1.9976686691629624e-316 1.9974410037133587e-316
    1.9947675156905826e-316 0. 1.6975966340567885e-313
    1.9975919901747278e-316 1.9975919901747278e-316
    6.3240402667679558e-322 1.9940592231807046e-316 0.
    1.9975801325992276e-316 4.2439918195761203e-314
    4.0317920037233356e-313 0. 0. 0. 1.9975801325992276e-316
    1.9975801325992276e-316 5.5171890565097080e-313
    1.9975817136092943e-316 6.3659876105413926e-314
    4.2439918200701859e-314 4.2439918274811706e-314
    6.3659876189405086e-314 1.0609979199882922e-313
    1.0609979199388856e-313 1.2731974990354129e-313
    1.4853970781813467e-313 1.9097962362755880e-313
    2.1219958153721152e-313 2.3341953944192359e-313
    2.1219958152733021e-313 1.6975966570802476e-313</data></rvecs>
</opencv_storage>
