<?xml version="1.0"?>
<opencv_storage>
<imgsize type_id="opencv-matrix">
  <rows>2</rows>
  <cols>1</cols>
  <dt>d</dt>
  <data>
    640. 480.</data></imgsize>
<intrinsic type_id="opencv-matrix">
  <rows>3</rows>
  <cols>3</cols>
  <dt>d</dt>
  <data>
    5.2194481330239512e+02 0. 3.1132167721703388e+02 0.
    5.2163844800275274e+02 2.5848000450811173e+02 0. 0. 1.</data></intrinsic>
<distortion type_id="opencv-matrix">
  <rows>4</rows>
  <cols>1</cols>
  <dt>d</dt>
  <data>
    1.5096987525613001e-01 -2.4732552280457437e-01
    2.5356437891279319e-04 1.9342399451297769e-03</data></distortion>
<tvecs type_id="opencv-matrix">
  <rows>23</rows>
  <cols>3</cols>
  <dt>d</dt>
  <data>
    -6.9550357974002367e+95 -4.1171811985930487e+100
    -6.6173767141193588e+95 -2.1459232226690832e+110
    -6.3046592945757940e+124 -6.8345409888113284e+124
    -7.0979264413014846e+124 -1.0430258032741491e+120
    -9.6201589658625927e+119 -1.5920158294851776e+115
    -1.6528590524685267e+115 -1.7275859573752141e-77
    -2.7866004785607609e+76 -2.7866005220568862e+76
    -2.8777712164251242e+76 -1.9943175838331297e+81
    -1.9933912400242364e+81 -1.9938544083811860e+81
    -2.8781287323200848e+76 -1.3069971574700374e+86
    -3.2240122621839324e+76 -1.3635018487668157e+57
    -4.4929442740436045e+42 -6.2950797553731632e+08
    -8.9623953989474740e-26 -2.7231042823346622e-40
    -5.8025238728298937e-50 -5.5341951803575999e-50
    -2.5642864262133344e-69 -5.3453491186979335e-79
    -1.1655535480993908e-88 -5.2498172885488582e-108
    -2.6137529410734615e-127 -1.1661652907060909e-146
    -1.6635553563337699e-180 -8.7508992400659984e-306
    1.2509633132725211e+103 5.6123893297399631e+54
    1.6336662199959037e+69 7.2508552193241634e+78 1.0709171877389963e+74
    1.6338793225156141e+69 1.1279804375424192e+45 3.1258823768766231e+01
    2.4186099670480675e-23 1.1310608085113195e-42 3.2192951443024749e-57
    9.9565621754240803e-43 2.1400668776897389e-168
    2.5616062503876391e-202 6.3847335797130971e-183
    2.1379744156325614e-168 2.5606075613319626e-202
    1.1767546424916276e-163 1.5742617115814313e-52
    1.1310635561659302e-42 2.9307284714048759e-28 3.4464366587604559e+06
    2.8126425807202757e-115 1.5356707799973729e-105
    1.4260249810634775e-105 1.0252216997663830e+16
    3.2501929907705282e+01 2.3754312765589826e+204
    2.8505980831780985e+281 7.3483384226534117e+189
    -1.1500988414842041e-295 1.0500920182177336e+210
    -9.6817921111224710e-244</data></tvecs>
<rvecs type_id="opencv-matrix">
  <rows>23</rows>
  <cols>3</cols>
  <dt>d</dt>
  <data>
    2.0536417218786755e+18 0. 0. 0. 1.3330657762229617e+18 0. 0. 0.
    1.2970369794724332e+18 0. 0. 0. 1.5132097616533258e+18 0. 0. 0.
    1.6212961525760000e+18 0. 0. 0. 3.3146499095750246e+18 0. 0. 0.
    3.8190530679076291e+18 0. 0. 0. 4.1072834440425636e+18 0. 0. 0.
    3.5308226916384768e+18 0. 0. 0. 2.4111481484042661e+64
    2.3135277847474956e+35 2.8520016201908782e-23 3.5633001844151038e-28
    2.4242401728641444e-52 6.2312544803241149e-38
    6.3937449870837702e-154 2.6891902544954123e-202
    1.3855327086858018e-134 3.2638818758479800e-173
    1.7623851485881966e-197 5.8014192089902501e-154
    2.5461317265175312e-28 3.0606155951635471e-57 6.8059521382503009e-09
    6.6281671379954678e-62 3.1923385924834293e-115
    6.8306611707970239e-96 2.1759414433861874e-110
    7.2724942200702903e-09 1.1102573109161097e-13
    4.1958730818875885e+252 -2.6156731893306139e-229
    2.4590521027675237e+204 4.2158022029884494e+205
    3.7275883513664947e+161 -1.7230646894712420e-277
    -9.8087591420691632e+27 -3.2211714383447410e+76
    -2.7862429845725754e+76 -1.3069947767484270e+86
    -9.5860515923927483e+90 -6.2796920878483829e+95</data></rvecs>
</opencv_storage>
