<?xml version="1.0"?>
<opencv_storage>
<tvec type_id="opencv-matrix">
  <rows>3</rows>
  <cols>1</cols>
  <dt>d</dt>
  <data>
    -7.7802804162615175e-02 3.5511587410434961e-02
    2.6600371488829069e-02</data></tvec>
<rmat type_id="opencv-matrix">
  <rows>3</rows>
  <cols>3</cols>
  <dt>d</dt>
  <data>
    9.9691960192185658e-01 1.8736011405717033e-02
    -7.6159498295168562e-02 -1.3931866569888223e-02
    9.9790813298192615e-01 6.3128925401951905e-02 7.7182967018933471e-02
    -6.1873419213190554e-02 9.9509520629788140e-01</data></rmat>
</opencv_storage>
