<?xml version="1.0"?>
<opencv_storage>
<imgsize type_id="opencv-matrix">
  <rows>2</rows>
  <cols>1</cols>
  <dt>d</dt>
  <data>
    640. 480.</data></imgsize>
<intrinsic type_id="opencv-matrix">
  <rows>3</rows>
  <cols>3</cols>
  <dt>d</dt>
  <data>
    8.1217974458698131e+02 0. 3.0995477964810732e+02 0.
    8.1503677491474218e+02 2.4164853596797670e+02 0. 0. 1.</data></intrinsic>
<distortion type_id="opencv-matrix">
  <rows>4</rows>
  <cols>1</cols>
  <dt>d</dt>
  <data>
    -1.3650645370354914e-01 2.4590235733417959e-01
    -2.5563351399038917e-03 2.3288796573122080e-03</data></distortion>
<tvecs type_id="opencv-matrix">
  <rows>21</rows>
  <cols>3</cols>
  <dt>d</dt>
  <data>
    1.8768573346169576e-260 1.8756664959236126e-260
    1.8765100496114312e-260 1.8755176335076394e-260
    1.8775024657149918e-260 1.8774528449095481e-260
    1.8754680127030853e-260 1.8786437442335090e-260
    1.8772543616893096e-260 1.8780979153771283e-260
    1.8777009489359004e-260 1.8769070160532714e-260
    1.8788918482596995e-260 1.8784452610132127e-260
    1.8761130831701918e-260 1.8736816637164450e-260 0. 0. 0. 0. 0. 0. 0.
    0. 0. 0. 0. 0. 0. 0. 0. 0. 0. 0. 0. 0. 0. 0. 0. 0. 0. 0. 0. 0. 0. 0.
    0. 0. 0. 7.1511258155529677e-312 1.4078876734213947e-303 0. 0. 0. 0.
    0. 3.6073928446409629e-313 1.4076596033508446e-303
    4.9230302376876236e-312 1.7627667047475689e-260
    1.8655810672708739e-260 1.8659284129070797e-260
    1.8654073944529126e-260</data></tvecs>
<rvecs type_id="opencv-matrix">
  <rows>21</rows>
  <cols>3</cols>
  <dt>d</dt>
  <data>
    0. 3.2379086165851934e-319 0. 3.2379086165851934e-319
    1.3852389349087995e-309 8.4879831674183619e-313
    8.2938879017873392e-316 1.0185579799795327e-311 0. 0.
    2.5654929112780024e-311 1.4080656793301167e-303
    1.7612905399880022e-260 2.1219957909652723e-314 0.
    5.9287877500949585e-323 0. 5.2998088236266445e-315 0. 0.
    5.2998088236266445e-315 0. 0. 5.2998088236266445e-315 0. 0.
    5.2998088236266445e-315 1.0609978954826362e-314
    1.0609978954826362e-314 5.3315403280691794e-315
    5.3315403280691794e-315 5.3421444787884959e-315
    5.3421444787884959e-315 0. 0. 0. 1. 0. 1.8231304684379063e-260 0.
    7.4616481552058429e-317 1.4725842463817447e-260
    1.5054021897413306e-260 0. 4.9406564584124654e-323
    1.0185579799795327e-311 3.4435093585228937e-282 0. 1. 0. 0. 1.
    1.7617680796339520e-260 1.5614054709723496e-260
    1.4821969375237396e-323 3.2379086165851934e-319 0.
    3.2379086165851934e-319 0. 3.2379086165851934e-319
    1.3852389349087995e-309 1.6997186286891699e-311
    1.4080323032222313e-303</data></rvecs>
</opencv_storage>
