<?xml version="1.0"?>
<opencv_storage>
<tvec type_id="opencv-matrix">
  <rows>3</rows>
  <cols>1</cols>
  <dt>d</dt>
  <data>
    2.0958981922225176e-01 -7.7990355060855443e-02
    1.3530365124928421e+00</data></tvec>
<rvec type_id="opencv-matrix">
  <rows>3</rows>
  <cols>1</cols>
  <dt>d</dt>
  <data>
    -1.9935551629252992e+00 1.8946193241356484e+00
    -4.5441297963574867e-01</data></rvec>
<rmat type_id="opencv-matrix">
  <rows>3</rows>
  <cols>3</cols>
  <dt>d</dt>
  <data>
    5.3234383379812462e-02 -8.8549633338772027e-01
    4.6158676755630113e-01 -9.9853480270581774e-01
    -4.2707280625312392e-02 3.3231550773996664e-02
    -9.7133007482040554e-03 -4.6267951298765592e-01
    -8.8647240230594915e-01</data></rmat>
</opencv_storage>
