<?xml version="1.0"?>
<opencv_storage>
<tvec type_id="opencv-matrix">
  <rows>3</rows>
  <cols>1</cols>
  <dt>d</dt>
  <data>
    2.7333487654017768e-01 -2.8518906803339711e-02
    1.3617895811713039e+00</data></tvec>
<rvec type_id="opencv-matrix">
  <rows>3</rows>
  <cols>1</cols>
  <dt>d</dt>
  <data>
    -1.9935156863321706e+00 1.9567648438015890e+00
    -4.9611093392802508e-01</data></rvec>
<rmat type_id="opencv-matrix">
  <rows>3</rows>
  <cols>3</cols>
  <dt>d</dt>
  <data>
    1.0746582257252382e-02 -8.9453615496849048e-01
    4.4686639885314372e-01 -9.9938722498678112e-01
    -2.4496132389306185e-02 -2.5002280519715363e-02
    3.3311942348188885e-02 -4.4632388122545535e-01
    -8.9425125526601112e-01</data></rmat>
</opencv_storage>
