<?xml version="1.0"?>
<opencv_storage>
<tvec type_id="opencv-matrix">
  <rows>3</rows>
  <cols>1</cols>
  <dt>d</dt>
  <data>
    2.1075038973820936e-01 -7.9757082417144104e-02
    1.3565504496000276e+00</data></tvec>
<rvec type_id="opencv-matrix">
  <rows>3</rows>
  <cols>1</cols>
  <dt>d</dt>
  <data>
    -1.9687926508898805e+00 1.8781171647588315e+00
    -4.8397508597642025e-01</data></rvec>
<rmat type_id="opencv-matrix">
  <rows>3</rows>
  <cols>3</cols>
  <dt>d</dt>
  <data>
    4.9762711897944532e-02 -8.6946317847028043e-01
    4.9148494767278450e-01 -9.9871027923242384e-01
    -3.8355654669817767e-02 3.3265927167958280e-02
    -1.0072271841863050e-02 -4.9250647207849690e-01
    -8.7025049514535546e-01</data></rmat>
</opencv_storage>
