<?xml version="1.0"?>
<opencv_storage>
<tvec type_id="opencv-matrix">
  <rows>3</rows>
  <cols>1</cols>
  <dt>d</dt>
  <data>
    2.1960139304433934e-01 -8.2533650808313735e-02
    1.3322671649473101e+00</data></tvec>
<rvec type_id="opencv-matrix">
  <rows>3</rows>
  <cols>1</cols>
  <dt>d</dt>
  <data>
    -2.0069530213266207e+00 1.8925449812496071e+00
    -4.8082073208620296e-01</data></rvec>
<rmat type_id="opencv-matrix">
  <rows>3</rows>
  <cols>3</cols>
  <dt>d</dt>
  <data>
    5.5488109655800505e-02 -8.8337938512296865e-01
    4.6536215104646378e-01 -9.9837834660689428e-01
    -5.5025444033083133e-02 1.4590323349607593e-02
    1.2717968128200767e-02 -4.6541708439713286e-01
    -8.8500010781805116e-01</data></rmat>
</opencv_storage>
