# SVS Engine v 4.0 Stereo Camera Parameter File



[image]
have_rect = 1 


[stereo]
frame = 1.0 


[external]
Tx = 108.145921 
Ty = 0.122873 
Tz = 9.630866 
Rx = 0.002387 
Ry = -0.126250 
Rz = -0.000463 


[left camera]
pwidth = 640 
pheight = 480 
dpx = 0.007000 
dpy = 0.007000 
sx = 1.000000 
Cx = 310.974899 
Cy = 246.595632 
f = 810.874813 
fy = 813.136193 
alpha = 0.000000 
kappa1 = -0.120596 
kappa2 = 0.063994 
kappa3 = 0.000000 
tau1 = 0.000000 
tau2 = 0.000000 
proj = 8.160000e+02 0.000000e+00 3.422486e+02 0.000000e+00 0.000000e+00 8.160000e+02 2.478328e+02 0.000000e+00 0.000000e+00 0.000000e+00 1.000000e+00 0.000000e+00 
rect = 9.993112e-01 1.660341e-03 -3.707248e-02 -1.702785e-03 9.999979e-01 -1.113362e-03 3.707055e-02 1.175721e-03 9.993120e-01 


[right camera]
pwidth = 640 
pheight = 480 
dpx = 0.007000 
dpy = 0.007000 
sx = 1.000000 
Cx = 306.885644 
Cy = 248.746085 
f = 813.292887 
fy = 815.595466 
alpha = 0.000000 
kappa1 = -0.125275 
kappa2 = 0.218926 
kappa3 = 0.000000 
tau1 = 0.000000 
tau2 = 0.000000 
proj = 8.160000e+02 0.000000e+00 3.422486e+02 8.824707e+04 0.000000e+00 8.160000e+02 2.478328e+02 0.000000e+00 0.000000e+00 0.000000e+00 1.000000e+00 0.000000e+00 
rect = 9.960261e-01 1.136176e-03 8.905437e-02 -1.238220e-03 9.999986e-01 1.090633e-03 -8.905300e-02 -1.196568e-03 9.960262e-01 


[global]
GTx = 0.000000 
GTy = 0.000000 
GTz = 0.000000 
GRx = 0.000000 
GRy = 0.000000 
GRz = 0.000000 
