# SVS Engine v 4.0 Stereo Camera Parameter File



[image]
have_rect = 1 


[stereo]
frame = 1.0 


[external]
Tx = 115.629219 
Ty = 0.266704 
Tz = -0.250898 
Rx = -0.000620 
Ry = 0.003610 
Rz = -0.002321 


[left camera]
pwidth = 640 
pheight = 480 
dpx = 0.007000 
dpy = 0.007000 
sx = 1.000000 
Cx = 308.796062 
Cy = 248.459948 
f = 811.552740 
fy = 813.144333 
alpha = 0.000000 
kappa1 = -0.115595 
kappa2 = 0.158359 
kappa3 = 0.000000 
tau1 = 0.000000 
tau2 = 0.000000 
proj = 8.140000e+02 0.000000e+00 3.074326e+02 0.000000e+00 0.000000e+00 8.140000e+02 2.479088e+02 0.000000e+00 0.000000e+00 0.000000e+00 1.000000e+00 0.000000e+00 
rect = 9.999883e-01 4.627822e-03 1.441820e-03 -4.628264e-03 9.999893e-01 3.033583e-04 -1.440401e-03 -3.100279e-04 9.999989e-01 


[right camera]
pwidth = 640 
pheight = 480 
dpx = 0.007000 
dpy = 0.007000 
sx = 1.000000 
Cx = 310.965807 
Cy = 247.100653 
f = 811.866947 
fy = 813.979307 
alpha = 0.000000 
kappa1 = -0.114450 
kappa2 = 0.196300 
kappa3 = 0.000000 
tau1 = 0.000000 
tau2 = 0.000000 
proj = 8.140000e+02 0.000000e+00 3.074326e+02 9.412219e+04 0.000000e+00 8.140000e+02 2.479088e+02 0.000000e+00 0.000000e+00 0.000000e+00 1.000000e+00 0.000000e+00 
rect = 9.999950e-01 2.306541e-03 -2.169853e-03 -2.307206e-03 9.999973e-01 -3.041913e-04 2.169146e-03 3.091960e-04 9.999976e-01 


[global]
GTx = 0.000000 
GTy = 0.000000 
GTz = 0.000000 
GRx = 0.000000 
GRy = 0.000000 
GRz = 0.000000 
