# SVS Engine v 4.0 Stereo Camera Parameter File



[image]
have_rect = 1 


[stereo]
frame = 1.0 


[external]
Tx = -119.409466 
Ty = -4.562921 
Tz = 5.371894 
Rx = 0.022599 
Ry = -0.010878 
Rz = -0.005185 


[left camera]
pwidth = 640 
pheight = 480 
dpx = 0.007400 
dpy = 0.007400 
sx = 1.000000 
Cx = 301.986503 
Cy = 236.592126 
f = 805.178584 
fy = 805.134714 
alpha = 0.000000 
kappa1 = -0.113579 
kappa2 = 0.161856 
kappa3 = -0.302651 
tau1 = -0.001739 
tau2 = 0.001241 
proj = 8.120000e+02 0.000000e+00 3.495669e+02 0.000000e+00 0.000000e+00 8.120000e+02 2.445335e+02 0.000000e+00 0.000000e+00 0.000000e+00 1.000000e+00 0.000000e+00 
rect = 9.974945e-01 4.223675e-02 -5.675156e-02 -4.287292e-02 9.990301e-01 -1.003885e-02 5.627250e-02 1.244680e-02 9.983379e-01 


[right camera]
pwidth = 640 
pheight = 480 
dpx = 0.007400 
dpy = 0.007400 
sx = 1.000000 
Cx = 330.789689 
Cy = 253.531854 
f = 815.671584 
fy = 811.613432 
alpha = 0.000000 
kappa1 = -0.218056 
kappa2 = 1.389080 
kappa3 = -4.877598 
tau1 = 0.004578 
tau2 = 0.004510 
proj = 8.120000e+02 0.000000e+00 3.495669e+02 -9.696048e+04 0.000000e+00 8.120000e+02 2.445335e+02 0.000000e+00 0.000000e+00 0.000000e+00 1.000000e+00 0.000000e+00 
rect = 9.982564e-01 3.821239e-02 -4.498718e-02 -3.770365e-02 9.992157e-01 1.210361e-02 4.541440e-02 -1.038633e-02 9.989142e-01 


[global]
GTx = 0.000000 
GTy = 0.000000 
GTz = 0.000000 
GRx = 0.000000 
GRy = 0.000000 
GRz = 0.000000 
