# SVS Engine v 4.0 Stereo Camera Parameter File



[image]
have_rect=1 


[stereo]
frame=1.0 


[external]
Tx=-117.550646 
Ty=0.006591 
Tz=6.653319 
Rx=0.004204 
Ry=0.011309 
Rz=-0.003438 


[left camera]
pwidth=640 
pheight=480 
dpx=0.007000 
dpy=0.007000 
sx=1.000000 
Cx=293.450556 
Cy=243.641011 
f=783.310249 
fy=781.270966 
alpha=0.000000 
kappa1=-0.057981 
kappa2=-0.439910 
kappa3=1.429943 
tau1=-0.000051 
tau2=-0.001625 
proj= 7.880000e+02 0.000000e+00 3.299741e+02 0.000000e+00 0.000000e+00 7.880000e+02 2.440654e+02 0.000000e+00 0.000000e+00 0.000000e+00 1.000000e+00 0.000000e+00 
rect= 9.989679e-01 3.162881e-03 -4.531223e-02 -3.260300e-03 9.999925e-01 -2.076219e-03 4.530532e-02 2.221808e-03 9.989707e-01 


[right camera]
pwidth=640 
pheight=480 
dpx=0.007000 
dpy=0.007000 
sx=1.000000 
Cx=303.792766 
Cy=244.203127 
f=788.029470 
fy=787.535466 
alpha=0.000000 
kappa1=-0.193655 
kappa2=0.804812 
kappa3=-1.712929 
tau1=0.001233 
tau2=-0.002122 
proj= 7.880000e+02 0.000000e+00 3.299741e+02 -9.262991e+04 0.000000e+00 7.880000e+02 2.440654e+02 0.000000e+00 0.000000e+00 0.000000e+00 1.000000e+00 0.000000e+00 
rect= 9.983969e-01 -5.606562e-05 -5.659959e-02 1.777790e-04 9.999977e-01 2.145395e-03 5.659934e-02 -2.152018e-03 9.983947e-01 


[global]
GTx=0.000000 
GTy=0.000000 
GTz=0.000000 
GRx=0.000000 
GRy=0.000000 
GRz=0.000000 
