# SVS Engine v 4.0 Stereo Camera Parameter File



[image]
have_rect = 1 


[stereo]
frame = 1.0 


[external]
Tx = -127.057541 
Ty = 1.502479 
Tz = 13.589530 
Rx = -0.028408 
Ry = -0.105276 
Rz = -0.006128 


[left camera]
pwidth = 640 
pheight = 480 
dpx = 0.007400 
dpy = 0.007400 
sx = 1.000000 
Cx = 302.093960 
Cy = 284.227889 
f = 784.748266 
fy = 786.429338 
alpha = 0.000000 
kappa1 = -0.082683 
kappa2 = -0.205116 
kappa3 = 0.935317 
tau1 = 0.003631 
tau2 = -0.003030 
proj = 8.010000e+02 0.000000e+00 4.805781e+02 0.000000e+00 0.000000e+00 8.010000e+02 2.718661e+02 0.000000e+00 0.000000e+00 0.000000e+00 1.000000e+00 0.000000e+00 
rect = 9.774787e-01 -1.256883e-03 -2.110302e-01 4.170564e-03 9.999020e-01 1.336244e-02 2.109927e-01 -1.394161e-02 9.773882e-01 


[right camera]
pwidth = 640 
pheight = 480 
dpx = 0.007400 
dpy = 0.007400 
sx = 1.000000 
Cx = 339.803700 
Cy = 255.701558 
f = 798.689324 
fy = 801.363546 
alpha = 0.000000 
kappa1 = -0.126748 
kappa2 = 0.318247 
kappa3 = -0.475959 
tau1 = 0.000473 
tau2 = 0.004353 
proj = 8.010000e+02 0.000000e+00 4.805781e+02 -1.017731e+05 0.000000e+00 8.010000e+02 2.718661e+02 0.000000e+00 0.000000e+00 0.000000e+00 1.000000e+00 0.000000e+00 
rect = 9.941934e-01 -1.182519e-02 -1.069557e-01 1.035348e-02 9.998441e-01 -1.430482e-02 1.071082e-01 1.311439e-02 9.941609e-01 


[global]
GTx = 0.000000 
GTy = 0.000000 
GTz = 0.000000 
GRx = 0.000000 
GRy = 0.000000 
GRz = 0.000000 
