<?xml version="1.0"?>
<opencv_storage>
<imgsize type_id="opencv-matrix">
  <rows>2</rows>
  <cols>1</cols>
  <dt>d</dt>
  <data>
    640. 480.</data></imgsize>
<intrinsic type_id="opencv-matrix">
  <rows>3</rows>
  <cols>3</cols>
  <dt>d</dt>
  <data>
    8.1806958492050262e+02 0. 3.0188437743805048e+02 0.
    8.1748396643896524e+02 2.5470216490531945e+02 0. 0. 1.</data></intrinsic>
<distortion type_id="opencv-matrix">
  <rows>4</rows>
  <cols>1</cols>
  <dt>d</dt>
  <data>
    -1.2666387332028969e-01 2.1836391267089419e-01
    -3.8925029412854602e-05 -7.9282604441576317e-05</data></distortion>
<tvecs type_id="opencv-matrix">
  <rows>22</rows>
  <cols>3</cols>
  <dt>d</dt>
  <data>
    1.3060502624511719e+02 2.9053225708007812e+02 1.0388028717041016e+02
    3.1261679077148438e+02 7.7687530517578125e+01 1.8106201171875000e+02
    2.9238732910156250e+02 2.0414941406250000e+02 2.6420626831054688e+02
    2.2716529846191406e+02 2.3618499755859375e+02 2.4981024169921875e+02
    2.0853356933593750e+02 2.7243338012695312e+02 1.8121582031250000e+02
    2.9466754150390625e+02 1.5425828552246094e+02 3.1670959472656250e+02
    1.2757814788818359e+02 3.3841912841796875e+02 1.0149719238281250e+02
    2.0886917114257812e+02 3.1487561035156250e+02 2.3164140319824219e+02
    2.8681616210937500e+02 2.5431672668457031e+02 2.5897808837890625e+02
    2.7662924194335938e+02 2.3153263854980469e+02 2.9881533813476562e+02
    2.0430473327636719e+02 3.2074230957031250e+02 1.7742916870117188e+02
    3.4245956420898438e+02 1.5085681152343750e+02 3.6370791625976562e+02
    1.2480735778808594e+02 2.3624443054199219e+02 3.3689788818359375e+02
    2.5858010864257812e+02 3.0904861450195312e+02 2.8087838745117188e+02
    2.8133761596679688e+02 3.0281433105468750e+02 2.5402313232421875e+02
    3.2469107055664062e+02 2.2686547851562500e+02 3.4628326416015625e+02
    2.0018345642089844e+02 3.6755761718750000e+02 1.7368411254882812e+02
    3.8850463867187500e+02 1.4776281738281250e+02 2.6307168579101562e+02
    3.5849267578125000e+02 2.8512277221679688e+02 3.3077838134765625e+02
    3.0701330566406250e+02 3.0329586791992188e+02 3.2861749267578125e+02
    2.7613861083984375e+02 3.5011581420898438e+02 2.4917494201660156e+02
    3.7131396484375000e+02 2.2253327941894531e+02 3.9222940063476562e+02</data></tvecs>
<rvecs type_id="opencv-matrix">
  <rows>22</rows>
  <cols>3</cols>
  <dt>d</dt>
  <data>
    5.9287877500949585e-323 0. 5.2998088236266445e-315 0. 0.
    5.2998088236266445e-315 0. 0. 5.2998088236266445e-315 0. 0.
    5.2998088236266445e-315 1.0609978954826362e-314
    1.0609978954826362e-314 5.3315403280691794e-315
    5.3315403280691794e-315 5.3421444787884959e-315
    5.3421444787884959e-315 0. 0. 0. 0. 0. 1.5453146213643542e-266 0.
    1.5110937936823501e-314 1.2940993933408173e-266
    1.3254857541203236e-266 0. 4.9406564584124654e-323
    1.0185579799795327e-311 8.4070774198922438e-286 0. 0. 0. 0. 0.
    1.5504934070378479e-266 1.3812607494371561e-266
    1.4821969375237396e-323 3.2379086165851934e-319 0.
    3.2379086165851934e-319 0. 3.2379086165851934e-319
    1.3852389349087995e-309 8.6789627863078312e-312
    -9.4225043794928232e-45 0. 0. 0. 0. 0. 0. 0. 0. 0. 0. 0. 0.
    2.5676149070729202e-312 -9.4203661677242516e-45
    1.5562371759482098e-266 7.2531019591518319e-316 0. 0.</data></rvecs>
</opencv_storage>
