<?xml version="1.0"?>
<opencv_storage>
<tvec type_id="opencv-matrix">
  <rows>3</rows>
  <cols>1</cols>
  <dt>d</dt>
  <data>
    2.1009351649654473e-01 -9.3469033024257714e-02
    1.3574336370452751e+00</data></tvec>
<rvec type_id="opencv-matrix">
  <rows>3</rows>
  <cols>1</cols>
  <dt>d</dt>
  <data>
    -1.9282994092873573e+00 2.0183291104425578e+00
    -4.8042719957778557e-01</data></rvec>
<rmat type_id="opencv-matrix">
  <rows>3</rows>
  <cols>3</cols>
  <dt>d</dt>
  <data>
    -4.7623831725795568e-02 -8.9562114897078360e-01
    4.4226092769767339e-01 -9.9882763755741899e-01
    3.8852743119260777e-02 -2.8875851564485255e-02
    8.6787731401704454e-03 -4.4311761629206564e-01
    -8.9642147287334606e-01</data></rmat>
</opencv_storage>
