<?xml version="1.0"?>
<opencv_storage>
<tvec type_id="opencv-matrix">
  <rows>3</rows>
  <cols>1</cols>
  <dt>d</dt>
  <data>
    2.0894008671157971e-01 4.7877886277701454e-02 1.3660277490654964e+00</data></tvec>
<rvec type_id="opencv-matrix">
  <rows>3</rows>
  <cols>1</cols>
  <dt>d</dt>
  <data>
    -1.9258812072781286e+00 1.8858527774243969e+00
    -4.7799711559156782e-01</data></rvec>
<rmat type_id="opencv-matrix">
  <rows>3</rows>
  <cols>3</cols>
  <dt>d</dt>
  <data>
    3.0548228413007195e-02 -8.6161160758868116e-01
    5.0664804688193110e-01 -9.9891788279121629e-01
    -8.5322994050519574e-03 4.5719397489213526e-02
    -3.5069490739685683e-02 -5.0749644090900903e-01
    -8.6093988947193512e-01</data></rmat>
</opencv_storage>
