<?xml version="1.0"?>
<opencv_storage>
<imgsize type_id="opencv-matrix">
  <rows>2</rows>
  <cols>1</cols>
  <dt>d</dt>
  <data>
    640. 480.</data></imgsize>
<intrinsic type_id="opencv-matrix">
  <rows>3</rows>
  <cols>3</cols>
  <dt>d</dt>
  <data>
    5.1761110231628948e+02 0. 3.0595076715533446e+02 0.
    5.1719785209259715e+02 2.6790141679314735e+02 0. 0. 1.</data></intrinsic>
<distortion type_id="opencv-matrix">
  <rows>4</rows>
  <cols>1</cols>
  <dt>d</dt>
  <data>
    1.7253348070331376e-01 -3.6401743982425477e-01
    -1.4093281613936109e-04 5.5859926860527256e-03</data></distortion>
<tvecs type_id="opencv-matrix">
  <rows>23</rows>
  <cols>3</cols>
  <dt>d</dt>
  <data>
    1.9577567012278296e-312 6.2605563792425751e-262
    8.0398527852813371e-316 1.6975966331674704e-313
    6.2621845619119378e-262 6.0324943230988633e-262
    6.2617579494694732e-262 1.2731974748113742e-312
    1.2731974748261962e-313 0. 0. 3.1013647460937500e+02
    6.2617581331174390e-262 1.6975966327722179e-313
    1.4259119114972259e+02 1.2731974748212556e-312
    1.2944174327358489e-312 1.3368573485551544e-312
    1.3580773064697478e-312 1.3792972643744598e-312
    1.3792972643645785e-312 1.3580773064499851e-312
    1.3156373906306797e-312 1.8728768695892187e-312 0. 0.
    1.6975966329698441e-313 6.2628823544847539e-262
    6.0324943230988633e-262 6.2626108070582721e-262
    1.2731974748113742e-312 1.2731974748261962e-313 0. 0.
    6.2626109907064365e-262 8.4879831638610893e-314
    2.0704883275129009e+02 1.2731974748212556e-312
    1.3580773064697478e-312 1.3792972643744598e-312
    1.3580773064499851e-312 1.9577567012278296e-312
    6.2612929380694365e-262 8.0398527852813371e-316
    1.6975966329698441e-313 6.2636189133116153e-262
    6.0324943230988633e-262 6.2633473658849621e-262
    1.2731974749546533e-312 6.3659873743780139e-314 0. 0.
    2.6598510742187500e+02 6.2633475495332979e-262
    8.4879831638610893e-314 2.4445251927473191e+02
    1.2944174328643060e-312 1.2731974749595939e-312
    1.2944174328741873e-312 1.3156373907788994e-312
    1.9577567012278296e-312 6.2628823544851149e-262
    8.0398527852813371e-316 1.6975966330686572e-313
    6.2644330046465674e-262 6.0324943230988633e-262
    6.2640839247116520e-262 1.2731974755524727e-312
    8.4879831653432862e-314</data></tvecs>
<rvecs type_id="opencv-matrix">
  <rows>23</rows>
  <cols>3</cols>
  <dt>d</dt>
  <data>
    1.6975966329698441e-313 6.2590444953342653e-262
    6.0324943230988633e-262 6.2587729479086772e-262
    1.2519775169807720e-312 6.3659873743780139e-314 0. 0.
    1.8032189941406250e+02 6.2587731315559480e-262
    8.4879831638610893e-314 3.6650586862753516e+02
    1.2731974748904247e-312 1.2519775169857127e-312
    1.2731974749003061e-312 1.2944174328050181e-312
    1.9577567012278296e-312 6.2583079365077559e-262
    8.0398527852813371e-316 1.6975966330192507e-313
    6.2598198204151721e-262 6.0324943230988633e-262
    6.2595095067353671e-262 1.2519775170054753e-312
    8.4879831663314175e-314 0. 0. 2.5809814453125000e+02
    6.2595096903828094e-262 1.0609978954826362e-313
    1.9770166478252190e+02 1.2519775170153566e-312
    1.2944174328445434e-312 1.3156373907492554e-312
    1.3156373907393741e-312 1.2944174328247808e-312
    1.9577567012278296e-312 6.2590444953346173e-262
    8.0398527852813371e-316 1.6975966329698441e-313
    6.2605563792420335e-262 6.0324943230988633e-262
    6.2602848318160934e-262 1.2519775173068553e-312
    6.3659873743780139e-314 0. 0. 2.7609399414062500e+02
    6.2602850154637162e-262 8.4879831638610893e-314
    2.3697168431377645e+02 1.2731974752165081e-312
    1.2519775173117960e-312 1.2731974752263894e-312
    1.2944174331311015e-312 1.9577567012278296e-312
    6.2598198204155151e-262 8.0398527852813371e-316
    1.6975966329698441e-313 6.2612929380688950e-262
    6.0324943230988633e-262 6.2610213906427833e-262
    1.2519775193918124e-312 6.3659873743780139e-314 0. 0.
    2.3882824707031250e+02 6.2610215742905776e-262
    8.4879831638610893e-314</data></rvecs>
</opencv_storage>
