<?xml version="1.0"?>
<opencv_storage>
<imgsize type_id="opencv-matrix">
  <rows>2</rows>
  <cols>1</cols>
  <dt>d</dt>
  <data>
    640. 480.</data></imgsize>
<intrinsic type_id="opencv-matrix">
  <rows>3</rows>
  <cols>3</cols>
  <dt>d</dt>
  <data>
    5.2313679869582700e+02 0. 3.1838155213630824e+02 0.
    5.2320176431290429e+02 2.5145246659166307e+02 0. 0. 1.</data></intrinsic>
<distortion type_id="opencv-matrix">
  <rows>4</rows>
  <cols>1</cols>
  <dt>d</dt>
  <data>
    1.9563614146016148e-01 -4.1532850216524514e-01
    2.5955186955183042e-03 -2.0007560367173048e-03</data></distortion>
<tvecs type_id="opencv-matrix">
  <rows>24</rows>
  <cols>3</cols>
  <dt>d</dt>
  <data>
    9.1882417766187402e-312 9.4004413558091399e-312
    7.8301644704948384e-312 8.8062825342005253e-312
    8.0635840074269085e-312 7.5755249755197178e-312
    6.6418468274604134e-312 6.5357470378182773e-312
    7.4057653120300478e-312 7.9362642597713659e-312
    8.2121237126462579e-312 8.4879831654322180e-312
    7.2360056482933450e-312 8.1696837960512694e-312
    7.9150443012391905e-312 7.9150443012885970e-312
    8.6789627862534839e-312 9.1458018604684108e-312
    9.1882417764013513e-312 9.2731216080449029e-312
    9.1882417764754612e-312 9.3155615239481995e-312
    9.4216613134618785e-312 9.3367814816602259e-312
    9.1458018603597163e-312 9.1245819022722000e-312
    8.5092031228329831e-312 8.4879831648838051e-312
    9.2731216075360152e-312 9.1245819021388022e-312
    8.7638426176697653e-312 8.9336022809222838e-312
    8.6153029122330270e-312 9.1245819020498704e-312
    9.2094617336588374e-312 9.2731216074075582e-312
    9.7824005972194609e-312 1.0121919923739320e-311
    1.0121919923492287e-311 9.9733802181593026e-312
    9.7611806390578347e-312 9.9521602602792938e-312
    9.6763008074142832e-312 9.7611806390281908e-312
    9.7611806389293776e-312 9.8672804284479973e-312
    1.0100699965444296e-311 1.0100699965385008e-311
    9.7824005967550392e-312 9.6126409335420460e-312
    9.4853211862323493e-312 9.3792213967038483e-312
    9.2094617334167452e-312 9.2943415650355935e-312
    9.2306816912918133e-312 9.1670218175875585e-312
    8.7214027014749700e-312 9.2519016490680683e-312
    8.9548222383971588e-312 8.9760421962722269e-312
    8.7850625751100557e-312 8.9972621539694314e-312
    9.2731216068690266e-312 9.4004413543220023e-312
    9.3155615226438662e-312 9.3792213962937738e-312
    9.4641012279570880e-312 9.5489810595611143e-312
    9.7399606807479888e-312 9.6975207650571404e-312
    1.0121919923269958e-311 1.0121919923032806e-311</data></tvecs>
<rvecs type_id="opencv-matrix">
  <rows>24</rows>
  <cols>3</cols>
  <dt>d</dt>
  <data>
    3.6073928613403818e-313 4.2439917573238489e-314
    4.2439917642407679e-314 1.9097962300997674e-313
    8.4879833491357065e-314 2.5463949677846016e-313
    4.0317920204721610e-313 6.7903865481835428e-313
    9.3367814973912761e-313 1.0185579814271451e-312
    1.1246577709605867e-312 1.6339367605501599e-312
    1.7188165922381774e-312 1.4641770973964545e-312
    1.6127168027343797e-312 2.1432157504658164e-312
    1.1670976868243581e-312 2.0795558768109681e-312
    2.7585945299544398e-312 2.3554153297155040e-312
    2.2068756243182910e-312 2.1644357085533328e-312
    1.7188165925296761e-312 1.8673562979318297e-312
    1.9097962138301857e-312 2.0795558770283570e-312
    2.3766352877634951e-312 2.6312747827287343e-312
    2.4402951616011477e-312 2.7161546144216925e-312
    3.0344539831158899e-312 2.9071342358457185e-312
    3.0132340253841008e-312 3.0768938991525842e-312
    3.1829936886712039e-312 3.3315333940782982e-312
    3.7134926364174626e-312 3.9469121734582272e-312
    4.1166718366761611e-312 4.2439915841340774e-312
    4.3076514579124421e-312 4.5198510370484946e-312
    4.6259508265819363e-312 5.0079100689803886e-312
    5.3262094376745860e-312 6.3659873753365012e-312
    6.8540464073326237e-312 7.5543050184005701e-312
    7.7877245554512160e-312 7.8726043871392335e-312
    8.8699424089719620e-312 9.0821419882018869e-312
    9.2306816935842779e-312 9.0609220303416408e-312
    9.4216613148156184e-312 9.9733802205555210e-312
    9.9097203467178684e-312 9.6126409358443919e-312
    9.4216613143808406e-312 9.1458018614466607e-312
    8.9123823244157775e-312 8.7426226610792678e-312
    8.7850625768442261e-312 8.8911623663826084e-312
    8.8487224505287183e-312 8.9123823242477952e-312
    8.9336022821920325e-312 9.1458018613033817e-312
    9.2306816929222300e-312 9.1458018612440938e-312
    9.2943415665968409e-312 9.2943415665523750e-312</data></rvecs>
</opencv_storage>
