<?xml version="1.0"?>
<opencv_storage>
<imgsize type_id="opencv-matrix">
  <rows>2</rows>
  <cols>1</cols>
  <dt>d</dt>
  <data>
    640. 480.</data></imgsize>
<intrinsic type_id="opencv-matrix">
  <rows>3</rows>
  <cols>3</cols>
  <dt>d</dt>
  <data>
    8.1766257595867705e+02 0. 3.0354382669462967e+02 0.
    8.1974757009895382e+02 2.5147781328199048e+02 0. 0. 1.</data></intrinsic>
<distortion type_id="opencv-matrix">
  <rows>4</rows>
  <cols>1</cols>
  <dt>d</dt>
  <data>
    -1.2887954767583404e-01 2.6648551662130682e-01
    2.7727332289979741e-03 -1.1056328149208173e-03</data></distortion>
<tvecs type_id="opencv-matrix">
  <rows>23</rows>
  <cols>3</cols>
  <dt>d</dt>
  <data>
    5.0079100697412497e-312 4.9442501960271135e-312
    4.9654701539417068e-312 5.1988896909429461e-312
    5.2201096488624802e-312 5.3686493542300492e-312
    5.3898693121594646e-312 5.4535291858736008e-312
    5.4959691016929062e-312 5.5171890596124403e-312
    5.6232888491557632e-312 5.6232888491656445e-312
    5.4323092279738294e-312 5.3686493542547525e-312
    5.2837695225914384e-312 5.1776697330481154e-312
    5.1564497751285814e-312 5.0503499855803177e-312
    5.0291300276756057e-312 5.1352298172386913e-312
    5.1776697330777593e-312 5.0503499856000804e-312
    4.9442501960468761e-312 4.9230302381471047e-312
    4.8169304485988411e-312 4.7957104906990697e-312
    4.8593703644280278e-312 4.9018102802572146e-312
    4.7744905328091796e-312 4.7957104907040103e-312
    4.7320506169701115e-312 4.7320506169552895e-312
    4.8169304485790784e-312 4.8169304485543752e-312
    4.9654701539021816e-312 5.0927899013304540e-312
    5.1564497750297682e-312 5.0291300275372673e-312
    5.0927899012662255e-312 5.2201096486944979e-312
    5.2413296065547440e-312 5.1140098590721244e-312
    5.1140098590622431e-312 4.9442501957998433e-312
    5.0079100694942168e-312 4.9654701536650301e-312
    4.9866901115697422e-312 5.0503499853135223e-312
    5.1352298169422519e-312 5.1140098590227178e-312
    5.0291300273841069e-312 5.0715699431787091e-312
    5.0503499852591751e-312 4.9866901115499795e-312
    4.9654701536304455e-312 4.9442501957257334e-312
    4.9442501957405554e-312 4.8381504061725292e-312
    4.5622909533272811e-312 4.6047308691367053e-312
    4.5622909533075185e-312 4.6047308691169426e-312
    4.6047308690922394e-312 4.7744905323496985e-312
    4.8381504060835973e-312 4.8805903219226654e-312
    4.6896107007753162e-312 4.7108306586997908e-312
    4.8381504061626478e-312</data></tvecs>
<rvecs type_id="opencv-matrix">
  <rows>23</rows>
  <cols>3</cols>
  <dt>d</dt>
  <data>
    8.2757836108018216e-313 8.4879831899971619e-313
    8.0635840318041075e-313 7.4269852943663061e-313
    7.0025861362226582e-313 6.7903865570273178e-313
    6.3659873988836699e-313 6.3659873986860437e-313
    6.1537878196883296e-313 5.3049895033516272e-313
    5.3049895032528141e-313 4.8805903450103530e-313
    4.8805903451585727e-313 4.2439916080666173e-313
    4.0317920288218704e-313 3.1829937125839811e-313
    3.1829937124851680e-313 4.0317920288218704e-313
    3.8195924496759366e-313 2.5463949751461797e-313
    2.5463949752943994e-313 2.1219958169037187e-313
    1.9097962378565981e-313 8.4879834217633564e-314
    1.0609979211740497e-313 6.3659876288218215e-314
    4.2439918546547811e-314 7.2147857166037561e-313
    2.5463949518806285e-312 2.4190752044918813e-312
    2.3766352887219825e-312 2.1007758360447167e-312
    1.9946760465853849e-312 1.8673562991867565e-312
    1.8885762571062905e-312 5.5171890596569062e-312
    5.6232888491952885e-312 5.6657287650244752e-312
    7.0450260291519023e-312 7.0662459870566143e-312
    6.9389262395690540e-312 6.7479466183871202e-312
    6.6630667867633313e-312 6.5781869551148391e-312
    6.5569669971557798e-312 6.6206268708797973e-312
    6.6630667867139247e-312 6.6630667867336873e-312
    6.7479466183772389e-312 6.8752663658302146e-312
    6.9177062816396387e-312 6.8752663657956300e-312
    6.7055067024838236e-312 6.5569669970717886e-312
    6.4720871654232964e-312 6.4933071233280085e-312
    6.4296472495891690e-312 6.4084272916597536e-312
    6.1537877966895737e-312 5.8567083859198510e-312
    5.8354884280200796e-312 5.8991483017589191e-312
    5.8567083859445543e-312 5.8779283438640883e-312
    6.0264680492365981e-312 6.1750077546436924e-312
    6.1113478809690814e-312 6.0476880072598859e-312
    6.0052480914109365e-312</data></rvecs>
</opencv_storage>
