# SVS Engine v 4.0 Stereo Camera Parameter File

[image]
have_rect = 1 


[stereo]
frame = 1.0 


[external]
Tx = -119.592799 
Ty = -1.725162 
Tz = 2.597699 
Rx = 0.004725 
Ry = -0.005637 
Rz = 0.015509 


[left camera]
pwidth = 640 
pheight = 480 
dpx = 0.007000 
dpy = 0.007000 
sx = 1.000000 
Cx = 323.375515 
Cy = 246.802400 
f = 813.205256 
fy = 815.654254 
alpha = 0.000000 
kappa1 = -0.131601 
kappa2 = 0.362233 
kappa3 = -0.503541 
tau1 = 0.001267 
tau2 = 0.001215 
proj = 8.170000e+02 0.000000e+00 3.468468e+02 0.000000e+00 0.000000e+00 8.170000e+02 2.463897e+02 0.000000e+00 0.000000e+00 0.000000e+00 1.000000e+00 0.000000e+00 
rect = 9.996241e-01 -1.194978e-03 -2.738807e-02 1.133138e-03 9.999968e-01 -2.273315e-03 2.739070e-02 2.241426e-03 9.996223e-01 


[right camera]
pwidth = 640 
pheight = 480 
dpx = 0.007000 
dpy = 0.007000 
sx = 1.000000 
Cx = 311.731695 
Cy = 245.756719 
f = 814.208631 
fy = 816.883013 
alpha = 0.000000 
kappa1 = -0.138611 
kappa2 = 0.469621 
kappa3 = -0.851760 
tau1 = -0.000589 
tau2 = 0.001863 
proj = 8.170000e+02 0.000000e+00 3.468468e+02 -9.770732e+04 0.000000e+00 8.170000e+02 2.463897e+02 0.000000e+00 0.000000e+00 0.000000e+00 1.000000e+00 0.000000e+00 
rect = 9.996600e-01 1.442530e-02 -2.172120e-02 -1.437622e-02 9.998937e-01 2.413936e-03 2.175371e-02 -2.100846e-03 9.997612e-01 


[global]
GTx = 0.000000 
GTy = 0.000000 
GTz = 0.000000 
GRx = 0.000000 
GRy = 0.000000 
GRz = 0.000000 
