# SVS Engine v 4.0 Stereo Camera Parameter File



[image]
have_rect = 1 


[stereo]
frame = 1.0 


[external]
Tx = -117.819555 
Ty = 0.538200 
Tz = -1.334982 
Rx = 0.000886 
Ry = 0.042303 
Rz = -0.010219 


[left camera]
pwidth = 640 
pheight = 480 
dpx = 0.010400 
dpy = 0.010400 
sx = 1.000000 
Cx = 321.454865 
Cy = 235.606299 
f = 816.039987 
fy = 816.915016 
alpha = 0.000000 
kappa1 = -0.118421 
kappa2 = -0.072826 
kappa3 = 2.665763 
tau1 = 0.001315 
tau2 = -0.000059 
proj = 8.170000e+02 0.000000e+00 2.758936e+02 0.000000e+00 0.000000e+00 8.170000e+02 2.408361e+02 0.000000e+00 0.000000e+00 0.000000e+00 1.000000e+00 0.000000e+00 
rect = 9.985459e-01 5.673989e-03 5.360787e-02 -5.654370e-03 9.999839e-01 -5.176411e-04 -5.360994e-02 2.137697e-04 9.985619e-01 


[right camera]
pwidth = 640 
pheight = 480 
dpx = 0.010400 
dpy = 0.010400 
sx = 1.000000 
Cx = 329.333130 
Cy = 245.714813 
f = 814.191147 
fy = 815.119474 
alpha = 0.000000 
kappa1 = -0.043393 
kappa2 = -0.838935 
kappa3 = 4.611268 
tau1 = 0.000847 
tau2 = 0.001386 
proj = 8.170000e+02 0.000000e+00 2.758936e+02 -9.625858e+04 0.000000e+00 8.170000e+02 2.408361e+02 0.000000e+00 0.000000e+00 0.000000e+00 1.000000e+00 0.000000e+00 
rect = 9.999254e-01 -4.568005e-03 1.133073e-02 4.563860e-03 9.999895e-01 3.917021e-04 -1.133240e-02 -3.399610e-04 9.999357e-01 


[global]
GTx = 0.000000 
GTy = 0.000000 
GTz = 0.000000 
GRx = 0.000000 
GRy = 0.000000 
GRz = 0.000000 
