<?xml version="1.0"?>
<opencv_storage>
<tvec type_id="opencv-matrix">
  <rows>3</rows>
  <cols>1</cols>
  <dt>d</dt>
  <data>
    -5.3429445988548085e-01 -5.4804907805841505e-02
    -4.1619754360021083e-01</data></tvec>
<rmat type_id="opencv-matrix">
  <rows>3</rows>
  <cols>3</cols>
  <dt>d</dt>
  <data>
    8.0221221968727963e-01 1.6705209322371495e-01 5.7319207316045739e-01
    -2.4490115564441226e-01 9.6764355442068362e-01
    6.0740230096180570e-02 -5.4449883245828845e-01
    -1.8910195593298562e-01 8.1716673434121134e-01</data></rmat>
</opencv_storage>
