<?xml version="1.0"?>
<opencv_storage>
<tvec type_id="opencv-matrix">
  <rows>3</rows>
  <cols>1</cols>
  <dt>d</dt>
  <data>
    -1.2410441941629051e-01 1.0470626071752223e-03
    -3.1678818741553792e-03</data></tvec>
<rmat type_id="opencv-matrix">
  <rows>3</rows>
  <cols>3</cols>
  <dt>d</dt>
  <data>
    9.9992068080818930e-01 1.0203077407463386e-02 7.3843959471670689e-03
    -1.0142132885085078e-02 9.9991458258762056e-01
    -8.2440687264190397e-03 -7.4678800625413780e-03
    8.1685212885781750e-03 9.9993875113795327e-01</data></rmat>
</opencv_storage>
