<?xml version="1.0"?>
<opencv_storage>
<tvec type_id="opencv-matrix">
  <rows>3</rows>
  <cols>1</cols>
  <dt>d</dt>
  <data>
    -1.2191319601178549e-01 -4.5288660206208319e-04
    3.4578351120123979e-03</data></tvec>
<rmat type_id="opencv-matrix">
  <rows>3</rows>
  <cols>3</cols>
  <dt>d</dt>
  <data>
    9.9945429869731761e-01 1.2862955554954217e-02
    -3.0424483394863366e-02 -1.2407937054742576e-02
    9.9980903629460549e-01 1.5097484614921500e-02 3.0612871696372924e-02
    -1.4711740823013360e-02 9.9942304194392972e-01</data></rmat>
</opencv_storage>
