<?xml version="1.0"?>
<opencv_storage>
<tvec type_id="opencv-matrix">
  <rows>3</rows>
  <cols>1</cols>
  <dt>d</dt>
  <data>
    -6.3116837032319587e-02 2.2118162314980361e+00
    -1.8254741649634654e+00</data></tvec>
<rvec type_id="opencv-matrix">
  <rows>3</rows>
  <cols>1</cols>
  <dt>d</dt>
  <data>
    9.5201672880420685e-01 1.5837387209374321e-01 5.0050177990959410e-01</data></rvec>
</opencv_storage>
