# SVS Engine v 4.0 Stereo Camera Parameter File



[image]
have_rect = 1 


[stereo]
frame = 1.0 


[external]
Tx = -118.292531 
Ty = 0.603509 
Tz = -0.315697 
Rx = 0.007821 
Ry = -0.004463 
Rz = -0.009392 


[left camera]
pwidth = 640 
pheight = 480 
dpx = 0.007000 
dpy = 0.007000 
sx = 1.000000 
Cx = 307.776851 
Cy = 220.687033 
f = 821.063998 
fy = 823.964703 
alpha = 0.000000 
kappa1 = -0.145938 
kappa2 = 0.220089 
kappa3 = 0.000000 
tau1 = 0.000000 
tau2 = 0.000000 
proj = 8.260000e+02 0.000000e+00 3.089544e+02 0.000000e+00 0.000000e+00 8.260000e+02 2.282150e+02 0.000000e+00 0.000000e+00 0.000000e+00 1.000000e+00 0.000000e+00 
rect = 9.999892e-01 4.293753e-03 -1.790796e-03 -4.300722e-03 9.999831e-01 -3.906236e-03 1.773993e-03 3.913896e-03 9.999908e-01 


[right camera]
pwidth = 640 
pheight = 480 
dpx = 0.007000 
dpy = 0.007000 
sx = 1.000000 
Cx = 327.970817 
Cy = 235.998414 
f = 822.157725 
fy = 825.678315 
alpha = 0.000000 
kappa1 = -0.142192 
kappa2 = 0.249327 
kappa3 = 0.000000 
tau1 = 0.000000 
tau2 = 0.000000 
proj = 8.260000e+02 0.000000e+00 3.089544e+02 -9.770963e+04 0.000000e+00 8.260000e+02 2.282150e+02 0.000000e+00 0.000000e+00 0.000000e+00 1.000000e+00 0.000000e+00 
rect = 9.999834e-01 -5.101837e-03 2.668785e-03 5.091363e-03 9.999794e-01 3.916887e-03 -2.688713e-03 -3.903234e-03 9.999888e-01 


[global]
GTx = 0.000000 
GTy = 0.000000 
GTz = 0.000000 
GRx = 0.000000 
GRy = 0.000000 
GRz = 0.000000 
