# SVS Engine v 4.0 Stereo Camera Parameter File



[image]
have_rect = 1 


[stereo]
frame = 1.0 


[external]
Tx = -118.851436 
Ty = -0.703732 
Tz = 1.940169 
Rx = 0.037572 
Ry = -0.012954 
Rz = -0.003608 


[left camera]
pwidth = 640 
pheight = 480 
dpx = 0.007400 
dpy = 0.007400 
sx = 1.000000 
Cx = 284.101568 
Cy = 235.519908 
f = 815.069195 
fy = 814.404733 
alpha = 0.000000 
kappa1 = -0.157006 
kappa2 = 0.356243 
kappa3 = -0.401352 
tau1 = -0.003695 
tau2 = -0.001939 
proj =  8.150000e+02 0.000000e+00 3.082413e+02 0.000000e+00 0.000000e+00 8.150000e+02 2.488071e+02 0.000000e+00 0.000000e+00 0.000000e+00 1.000000e+00 0.000000e+00 
rect = 9.995257e-01 8.666799e-03 -2.955056e-02 -9.220305e-03 9.997836e-01 -1.864627e-02 2.938256e-02 1.890989e-02 9.993894e-01 


[right camera]
pwidth = 640 
pheight = 480 
dpx = 0.007400 
dpy = 0.007400 
sx = 1.000000 
Cx = 306.994509 
Cy = 261.659074 
f = 814.006217 
fy = 814.791140 
alpha = 0.000000 
kappa1 = -0.125543 
kappa2 = 0.262127 
kappa3 = -0.327108 
tau1 = 0.003687 
tau2 = -0.003158 
proj =  8.150000e+02 0.000000e+00 3.082413e+02 -9.686392e+04 0.000000e+00 8.150000e+02 2.488071e+02 0.000000e+00 0.000000e+00 0.000000e+00 1.000000e+00 0.000000e+00 
rect =  9.998492e-01 5.921109e-03 -1.632432e-02 -5.613477e-03 9.998070e-01 1.882684e-02 1.643265e-02 -1.873236e-02 9.996895e-01 


[global]
GTx = 0.000000 
GTy = 0.000000 
GTz = 0.000000 
GRx = 0.000000 
GRy = 0.000000 
GRz = 0.000000 
