<?xml version="1.0"?>
<opencv_storage>
<tvec type_id="opencv-matrix">
  <rows>3</rows>
  <cols>1</cols>
  <dt>d</dt>
  <data>
    -6.3051840414548727e-02 6.4722513031926457e-02
    2.3507626052623621e-02</data></tvec>
<rmat type_id="opencv-matrix">
  <rows>3</rows>
  <cols>3</cols>
  <dt>d</dt>
  <data>
    9.9973446739830518e-01 1.5525334508557783e-02
    -1.7028173249777980e-02 -1.5187638968524831e-02
    9.9968890092211604e-01 1.9784766758631604e-02 1.7330040922883459e-02
    -1.9520895510429154e-02 9.9965924410275031e-01</data></rmat>
</opencv_storage>
