# SVS Engine v 4.0 Stereo Camera Parameter File



[image]
have_rect = 1 


[stereo]
frame = 1.0 


[external]
Tx = -118.667258 
Ty = -1.662226 
Tz = 5.090875 
Rx = 0.001022 
Ry = -0.002823 
Rz = 0.015737 


[left camera]
pwidth = 640 
pheight = 480 
dpx = 0.007000 
dpy = 0.007000 
sx = 1.000000 
Cx = 325.312274 
Cy = 247.918934 
f = 811.711552 
fy = 808.032453 
alpha = 0.000000 
kappa1 = -0.135353 
kappa2 = 0.253220 
kappa3 = 0.000000 
tau1 = 0.001119 
tau2 = 0.000335 
proj = 8.110000e+02 0.000000e+00 3.640251e+02 0.000000e+00 0.000000e+00 8.110000e+02 2.463084e+02 0.000000e+00 0.000000e+00 0.000000e+00 1.000000e+00 0.000000e+00 
rect = 9.989524e-01 -1.758667e-03 -4.572674e-02 1.743476e-03 9.999984e-01 -3.720993e-04 4.572732e-02 2.919861e-04 9.989539e-01 


[right camera]
pwidth = 640 
pheight = 480 
dpx = 0.007000 
dpy = 0.007000 
sx = 1.000000 
Cx = 308.462299 
Cy = 244.428881 
f = 813.524930 
fy = 810.685331 
alpha = 0.000000 
kappa1 = -0.115506 
kappa2 = 0.155677 
kappa3 = 0.000000 
tau1 = 0.000244 
tau2 = -0.000841 
proj = 8.110000e+02 0.000000e+00 3.640251e+02 -9.623915e+04 0.000000e+00 8.110000e+02 2.463084e+02 0.000000e+00 0.000000e+00 0.000000e+00 1.000000e+00 0.000000e+00 
rect = 9.989812e-01 1.400746e-02 -4.290042e-02 -1.399320e-02 9.999019e-01 6.325244e-04 4.290507e-02 -3.156573e-05 9.990792e-01 


[global]
GTx = 0.000000 
GTy = 0.000000 
GTz = 0.000000 
GRx = 0.000000 
GRy = 0.000000 
GRz = 0.000000 
