# SVS Engine v 4.0 Stereo Camera Parameter File



[image]
have_rect=1 


[stereo]
frame=1.0 


[external]
Tx=-120.406638 
Ty=-0.639172 
Tz=-0.796740 
Rx=-0.004041 
Ry=-0.021894 
Rz=0.007679 


[left camera]
pwidth=640 
pheight=480 
dpx=0.007000 
dpy=0.007000 
sx=1.000000 
Cx=315.541141 
Cy=245.269335 
f=810.028565 
fy=809.058505 
alpha=0.000000 
kappa1=-0.158051 
kappa2=0.609681 
kappa3=-1.552530 
tau1=0.000000 
tau2=0.000000 
proj=8.090000e+02 0.000000e+00 3.283116e+02 0.000000e+00 0.000000e+00 8.090000e+02 2.464803e+02 0.000000e+00 0.000000e+00 0.000000e+00 1.000000e+00 0.000000e+00 
rect=9.998806e-01 -2.352657e-03 -1.527045e-02 2.383755e-03 9.999951e-01 2.018600e-03 1.526563e-02 -2.054760e-03 9.998814e-01 


[right camera]
pwidth=640 
pheight=480 
dpx=0.007000 
dpy=0.007000 
sx=1.000000 
Cx=301.860148 
Cy=247.388418 
f=807.658025 
fy=806.331098 
alpha=0.000000 
kappa1=-0.127101 
kappa2=0.305585 
kappa3=-0.216722 
tau1=0.000000 
tau2=0.000000 
proj=8.090000e+02 0.000000e+00 3.283116e+02 -9.740897e+04 0.000000e+00 8.090000e+02 2.464803e+02 0.000000e+00 0.000000e+00 0.000000e+00 1.000000e+00 0.000000e+00 
rect=9.999640e-01 5.308444e-03 6.617079e-03 -5.294956e-03 9.999838e-01 -2.054278e-03 -6.627877e-03 2.019167e-03 9.999760e-01 


[global]
GTx=0.000000 
GTy=0.000000 
GTz=0.000000 
GRx=0.000000 
GRy=0.000000 
GRz=0.000000 
