[CameraParameters]
zFar = 4.0
zNear = 0.1
fx = 538.857727
fy = 536.911621
cx = 312.457062
cy = 219.410889
k1 = 0.079605
k2 = -0.220826
k3 = 0.0
p1 = 0.000569
p2 = -0.005161
pose.pos.x = 0.119652
pose.pos.y = -0.299712
pose.pos.z = 0.283373
pose.rot.x = -2.122101
pose.rot.y = -0.031751
pose.rot.z = 0.013940

[Constraints]
r.x = 30.0
r.y = 30.0
r.z = 30.0
rp.x = 0.0
rp.y = 0.0
rp.z = 0.0
t.x = 0.05
t.y = 0.05
t.z = 0.05
tp.x = 0.0
tp.y = 0.0
tp.z = 0.0
z = 0.03
zp = 0.0

[Performance]
recursions = 4
particles = 100
convergence = 9

[ResourcePath]
ModelPath = resources/model/
TexturePath = resources/texture/
ShaderPath = resources/shader/

[Other]
EdgeMatchingTolerance = 30.0
MinTextureGrabAngle = 135.0

