# SVS Engine v 4.0 Stereo Camera Parameter File



[image]
have_rect = 1 


[stereo]
frame = 1.0 


[external]
Tx = -119.050024 
Ty = -1.545378 
Tz = -2.603209 
Rx = 0.009261 
Ry = -0.019657 
Rz = 0.002567 


[left camera]
pwidth = 640 
pheight = 480 
dpx = 0.007000 
dpy = 0.007000 
sx = 1.000000 
Cx = 299.432587 
Cy = 250.322268 
f = 800.880013 
fy = 801.344726 
alpha = 0.000000 
kappa1 = -0.137081 
kappa2 = 0.045546 
kappa3 = 0.000000 
tau1 = 0.000000 
tau2 = 0.000000 
proj = 8.010000e+02 0.000000e+00 2.973948e+02 0.000000e+00 0.000000e+00 8.010000e+02 2.542707e+02 0.000000e+00 0.000000e+00 0.000000e+00 1.000000e+00 0.000000e+00 
rect = 9.999424e-01 1.052542e-02 2.103691e-03 -1.051567e-02 9.999342e-01 -4.591413e-03 -2.151879e-03 4.569027e-03 9.999872e-01 


[right camera]
pwidth = 640 
pheight = 480 
dpx = 0.007000 
dpy = 0.007000 
sx = 1.000000 
Cx = 309.013806 
Cy = 257.295165 
f = 798.914141 
fy = 797.733210 
alpha = 0.000000 
kappa1 = -0.105583 
kappa2 = 0.032325 
kappa3 = 0.000000 
tau1 = 0.000000 
tau2 = 0.000000 
proj = 8.010000e+02 0.000000e+00 2.973948e+02 -9.535907e+04 0.000000e+00 8.010000e+02 2.542707e+02 0.000000e+00 0.000000e+00 0.000000e+00 1.000000e+00 0.000000e+00 
rect = 9.996766e-01 1.298091e-02 2.186652e-02 -1.308094e-02 9.999046e-01 4.437616e-03 -2.180682e-02 -4.722216e-03 9.997510e-01 


[global]
GTx = 0.000000 
GTy = 0.000000 
GTz = 0.000000 
GRx = 0.000000 
GRy = 0.000000 
GRz = 0.000000 
