# SVS Engine v 4.0 Stereo Camera Parameter File



[image]
have_rect = 1 


[stereo]
frame = 1.0 


[external]
Tx = -120.415513 
Ty = 1.013286 
Tz = -2.855958 
Rx = 0.008577 
Ry = -0.034011 
Rz = -0.010652 


[left camera]
pwidth = 640 
pheight = 480 
dpx = 0.007000 
dpy = 0.007000 
sx = 1.000000 
Cx = 312.864315 
Cy = 232.534364 
f = 811.492518 
fy = 811.791140 
alpha = 0.000000 
kappa1 = -0.071395 
kappa2 = -0.329869 
kappa3 = 1.565343 
tau1 = -0.000913 
tau2 = -0.001963 
proj = 8.120000e+02 0.000000e+00 3.211942e+02 0.000000e+00 0.000000e+00 8.120000e+02 2.409398e+02 0.000000e+00 0.000000e+00 0.000000e+00 1.000000e+00 0.000000e+00 
rect = 9.999447e-01 2.293804e-03 -1.026501e-02 -2.337884e-03 9.999881e-01 -4.284294e-03 1.025506e-02 4.308056e-03 9.999381e-01 


[right camera]
pwidth = 640 
pheight = 480 
dpx = 0.007000 
dpy = 0.007000 
sx = 1.000000 
Cx = 325.498780 
Cy = 249.432230 
f = 808.651070 
fy = 807.912401 
alpha = 0.000000 
kappa1 = -0.113524 
kappa2 = 0.194148 
kappa3 = -0.008745 
tau1 = -0.000744 
tau2 = 0.000254 
proj = 8.120000e+02 0.000000e+00 3.211942e+02 -9.777740e+04 0.000000e+00 8.120000e+02 2.409398e+02 0.000000e+00 0.000000e+00 0.000000e+00 1.000000e+00 0.000000e+00 
rect = 9.996833e-01 -8.414914e-03 2.371752e-02 8.312932e-03 9.999558e-01 4.395172e-03 -2.375346e-02 -4.196617e-03 9.997090e-01 


[global]
GTx = 0.000000 
GTy =0.000000 
GTz = 0.000000 
GRx = 0.000000 
GRy = 0.000000 
GRz = 0.000000 
