<?xml version="1.0"?>
<opencv_storage>
<tvec type_id="opencv-matrix">
  <rows>3</rows>
  <cols>1</cols>
  <dt>d</dt>
  <data>
    -1.2189832715718346e-01 -4.5588598630678592e-04
    3.6233450765212360e-03</data></tvec>
<rmat type_id="opencv-matrix">
  <rows>3</rows>
  <cols>3</cols>
  <dt>d</dt>
  <data>
    9.9945616177822327e-01 1.2822273009478012e-02
    -3.0380421300771662e-02 -1.2377443734868720e-02
    9.9981408298054142e-01 1.4785072213866494e-02 3.0564351295784567e-02
    -1.4400999571192955e-02 9.9942905283027383e-01</data></rmat>
</opencv_storage>
