automatically generated file

TARGET COLOR PARAMETERS:
********************************
t_min=94.867935;
t_max=308.594147;
k_r=0.536573;
n_r=40.776676;
k_g=0.576564;
n_g=-18.416006;
k_b=0.616169;
n_b=-18.276913;
smv_r=-0.530588;
smv_g=0.114570;
smv_b=0.354842;
elipsa_a=26.730701;
elipsa_b=22.183918;
k_elipsa_a=0.066502;
k_elipsa_b=0.072295;
********************************
