<?xml version="1.0"?>
<opencv_storage>
<imgsize type_id="opencv-matrix">
  <rows>2</rows>
  <cols>1</cols>
  <dt>d</dt>
  <data>
    640. 480.</data></imgsize>
<intrinsic type_id="opencv-matrix">
  <rows>3</rows>
  <cols>3</cols>
  <dt>d</dt>
  <data>
    8.1660245006232435e+02 0. 3.1662951820833746e+02 0.
    8.1786265902108721e+02 2.4942132241773956e+02 0. 0. 1.</data></intrinsic>
<distortion type_id="opencv-matrix">
  <rows>4</rows>
  <cols>1</cols>
  <dt>d</dt>
  <data>
    -1.2202350904056508e-01 2.0585755206974071e-01
    3.5148205257605012e-03 -6.0662413875432340e-04</data></distortion>
<tvecs type_id="opencv-matrix">
  <rows>23</rows>
  <cols>3</cols>
  <dt>d</dt>
  <data>
    5.3049895056737357e-313 5.0927899266266151e-313
    5.0927899266760216e-313 5.3049895058219554e-313
    5.7293886640150099e-313 5.9415882431609437e-313
    6.1537878222080643e-313 5.9415882431609437e-313
    5.9415882432103502e-313 6.1537878223562840e-313
    6.3659874014528113e-313 6.7903865595470526e-313
    6.3659874014528113e-313 6.3659874015022178e-313
    6.5781869806481516e-313 6.7903865597446789e-313
    7.0025861387917995e-313 7.0025861387423930e-313
    7.4269852970342606e-313 7.6391848761307878e-313
    8.0635840342250291e-313 7.8513844550790953e-313
    8.0635840342250291e-313 8.4879831924180836e-313
    8.0635840342250291e-313 7.8513844551779085e-313
    8.0635840343238423e-313 8.2757836134203695e-313
    8.2757836134697761e-313 8.4879831926157098e-313
    8.7001827716628305e-313 8.7001827717122371e-313
    8.4879831926651164e-313 8.4879831927145230e-313
    8.4879831926157098e-313 8.2757836134697761e-313
    7.8513844553755347e-313 8.0635840345214685e-313
    8.0635840345708751e-313 8.0635840345214685e-313
    7.8513844553755347e-313 7.4269852972812934e-313
    7.6391848764272272e-313 7.4269852973801065e-313
    7.2147857182341727e-313 6.7903865600411183e-313
    6.5781869809939976e-313 6.3659874018974704e-313
    6.1537878228503497e-313 6.5781869811422173e-313
    6.7903865601893379e-313 6.5781869811422173e-313
    6.3659874019962835e-313 6.1537878229491628e-313
    5.9415882438526356e-313 5.7293886648055149e-313
    5.7293886649043280e-313 5.9415882440502618e-313
    5.7293886649537346e-313 5.5171890859066139e-313
    5.0927899277135595e-313 4.8805903486664388e-313
    4.8805903487652519e-313 4.6683907697181313e-313
    4.0317920324285496e-313 4.2439916115250768e-313
    4.4561911905721975e-313 4.2439916114262637e-313
    4.0317920323297365e-313</data></tvecs>
<rvecs type_id="opencv-matrix">
  <rows>23</rows>
  <cols>3</cols>
  <dt>d</dt>
  <data>
    4.6683907658150127e-313 4.8805903449609465e-313
    4.6683907658150127e-313 4.2439916077207713e-313
    4.4561911868667051e-313 4.6683907659632324e-313
    4.8805903451091662e-313 4.6683907659632324e-313
    4.0317920286736507e-313 3.6073928705794093e-313
    3.8195924497253431e-313 4.2439916079183976e-313
    4.4561911870643314e-313 4.6683907661114521e-313
    4.8805903452079793e-313 5.0927899243539131e-313
    5.3049895034504403e-313 5.0927899243539131e-313
    4.8805903452079793e-313 4.6683907661114521e-313
    4.4561911870643314e-313 4.8805903453561990e-313
    4.6683907662596718e-313 4.4561911872125511e-313
    4.6683907663584849e-313 4.6683907664078915e-313
    4.8805903455538252e-313 5.0927899246503525e-313
    4.8805903456032318e-313 5.0927899247491656e-313
    4.8805903456032318e-313 4.6683907665561111e-313
    4.4561911874595839e-313 4.2439916084124632e-313
    4.2439916084618698e-313 4.4561911876078036e-313
    4.6683907667043308e-313 4.6683907667537374e-313
    4.8805903458996712e-313 5.0927899249961984e-313
    5.3049895041421322e-313 5.0927899249961984e-313
    4.8805903458996712e-313 4.2439916087583092e-313
    4.8805903461961106e-313 4.8805903462455172e-313
    4.4561911881512758e-313 4.4561911882500889e-313
    4.6683907673960227e-313 4.8805903464925500e-313
    4.8805903465419565e-313 4.6683907674948359e-313
    4.8805903466407697e-313 4.6683907675936490e-313
    4.8805903467395828e-313 4.6683907676430556e-313
    4.4561911885959349e-313 4.2439916094994077e-313
    4.0317920304522870e-313 4.2439916095982208e-313
    4.6683907677912753e-313 4.8805903468383959e-313
    4.6683907677912753e-313 4.8805903469372091e-313
    5.0927899260337363e-313 5.3049895051796701e-313
    5.0927899260337363e-313 4.8805903469866156e-313
    4.8805903470360222e-313</data></rvecs>
</opencv_storage>
