<?xml version="1.0"?>
<opencv_storage>
<tvec type_id="opencv-matrix">
  <rows>3</rows>
  <cols>1</cols>
  <dt>d</dt>
  <data>
    2.0564178721334617e-01 -6.6597046905370272e-02
    1.3513828698702217e+00</data></tvec>
<rvec type_id="opencv-matrix">
  <rows>3</rows>
  <cols>1</cols>
  <dt>d</dt>
  <data>
    -1.9818416954776725e+00 1.9492382654831251e+00
    -4.5037089024176402e-01</data></rvec>
<rmat type_id="opencv-matrix">
  <rows>3</rows>
  <cols>3</cols>
  <dt>d</dt>
  <data>
    1.7095107096792361e-02 -8.9754822332383610e-01
    4.4058477518132039e-01 -9.9985146700942507e-01
    -1.4380209676837596e-02 9.5001836166912230e-03
    -2.1911714788816826e-03 -4.4068174046342745e-01
    -8.9766073902654031e-01</data></rmat>
</opencv_storage>
