<?xml version="1.0"?>
<opencv_storage>
<tvec type_id="opencv-matrix">
  <rows>3</rows>
  <cols>1</cols>
  <dt>d</dt>
  <data>
    2.0777797482373139e-01 5.1245836077349949e-02 1.3494103065444720e+00</data></tvec>
<rvec type_id="opencv-matrix">
  <rows>3</rows>
  <cols>1</cols>
  <dt>d</dt>
  <data>
    -1.9592761331273336e+00 1.9554666787156267e+00
    -4.4844131842874613e-01</data></rvec>
<rmat type_id="opencv-matrix">
  <rows>3</rows>
  <cols>3</cols>
  <dt>d</dt>
  <data>
    5.1749859481724607e-03 -8.9402956836847058e-01
    4.4797806910977517e-01 -9.9989343768825001e-01
    1.4890119112685792e-03 1.4522262616474969e-02
    -1.3650376859632244e-02 -4.4800548403609347e-01
    -8.9392659289517484e-01</data></rmat>
</opencv_storage>
