<?xml version="1.0"?>
<opencv_storage>
<tvec type_id="opencv-matrix">
  <rows>3</rows>
  <cols>1</cols>
  <dt>d</dt>
  <data>
    2.5486465924742979e-01 -2.1616125413490964e-02
    1.4233374225123667e+00</data></tvec>
<rvec type_id="opencv-matrix">
  <rows>3</rows>
  <cols>1</cols>
  <dt>d</dt>
  <data>
    -1.9788573552552511e+00 2.0120673055147895e+00
    -4.5184067354736912e-01</data></rvec>
<rmat type_id="opencv-matrix">
  <rows>3</rows>
  <cols>3</cols>
  <dt>d</dt>
  <data>
    -2.0431657649787355e-02 -9.1118004965120114e-01
    4.1150147567574580e-01 -9.9963629696873391e-01
    1.1371754186844784e-02 -2.4453159087343843e-02
    1.7601737082426187e-02 -4.1185142991660056e-01
    -9.1108099449353708e-01</data></rmat>
</opencv_storage>
