<?xml version="1.0"?>
<opencv_storage>
<tvec type_id="opencv-matrix">
  <rows>3</rows>
  <cols>1</cols>
  <dt>d</dt>
  <data>
    2.6468331822853947e-01 -2.6230810912549953e-02
    1.4296850602555602e+00</data></tvec>
<rvec type_id="opencv-matrix">
  <rows>3</rows>
  <cols>1</cols>
  <dt>d</dt>
  <data>
    -1.8949575130280285e+00 2.0382685844291992e+00
    -4.8165643887650145e-01</data></rvec>
<rmat type_id="opencv-matrix">
  <rows>3</rows>
  <cols>3</cols>
  <dt>d</dt>
  <data>
    -7.2314762987792089e-02 -8.9101090718070020e-01
    4.4818538389716045e-01 -9.9737996167672527e-01
    6.5479032611090476e-02 -3.0752371193938102e-02
    -1.9460472125478667e-03 -4.4923497144962055e-01
    -8.9341152518137190e-01</data></rmat>
</opencv_storage>
