0.000000 -0.001416 -0.001365 -0.001874 0.999105 -0.034470 0.024530 0.033709 0.998957 0.030810 -0.025566 -0.029955 0.999224
0.191471 -0.002689 -0.002070 -0.002119 0.997706 -0.063979 0.022141 0.062882 0.996907 0.047149 -0.025089 -0.045649 0.998642
0.379099 -0.003489 -0.002362 -0.002536 0.997087 -0.071139 0.027510 0.069635 0.996206 0.052204 -0.031120 -0.050137 0.998257
0.532067 -0.004388 -0.002471 -0.003299 0.996247 -0.083612 0.022361 0.081942 0.994359 0.067346 -0.027866 -0.065261 0.997479
0.685204 -0.005439 -0.004302 -0.004094 0.995863 -0.090076 0.011953 0.089113 0.993880 0.065275 -0.017759 -0.063939 0.997796
0.846627 -0.005423 -0.004269 -0.004043 0.995873 -0.089850 0.012833 0.088851 0.993972 0.064235 -0.018527 -0.062829 0.997852
1.003844 -0.006192 -0.005050 -0.004785 0.996493 -0.082834 0.011871 0.081936 0.994667 0.062638 -0.016996 -0.061445 0.997966
1.158625 -0.006423 -0.004921 -0.004678 0.996310 -0.085350 0.009053 0.084581 0.994265 0.065439 -0.014586 -0.064432 0.997816
1.298796 -0.006379 -0.004906 -0.004700 0.996431 -0.084013 0.008130 0.083306 0.994372 0.065459 -0.013583 -0.064548 0.997822
1.436773 -0.005771 -0.004209 -0.004151 0.996049 -0.087901 0.012617 0.086813 0.993765 0.069966 -0.018688 -0.068594 0.997470
1.596234 -0.005822 -0.004194 -0.004136 0.996106 -0.087089 0.013716 0.085905 0.993761 0.071134 -0.019826 -0.069679 0.997372
1.762256 -0.005845 -0.004178 -0.004121 0.996135 -0.086815 0.013363 0.085658 0.993789 0.071034 -0.019446 -0.069615 0.997384
1.892565 -0.005692 -0.004410 -0.003685 0.996382 -0.083986 0.013002 0.082902 0.994177 0.068843 -0.018708 -0.067516 0.997543
2.022062 -0.006608 -0.005068 -0.004130 0.996186 -0.086606 0.010607 0.085575 0.993509 0.074950 -0.017029 -0.073756 0.997131
2.150411 -0.006555 -0.005065 -0.004128 0.996181 -0.086688 0.010438 0.085649 0.993410 0.076165 -0.016972 -0.074980 0.997041
2.284163 -0.007185 -0.005746 -0.004419 0.995964 -0.089752 0.000073 0.089477 0.992978 0.077388 -0.007018 -0.077069 0.997001
2.414643 -0.007268 -0.005633 -0.004917 0.996125 -0.087916 -0.002436 0.087844 0.993179 0.076678 -0.004321 -0.076595 0.997053
2.569723 -0.007212 -0.005714 -0.004956 0.996050 -0.088782 -0.001535 0.088645 0.993204 0.075417 -0.005172 -0.075256 0.997151
2.722347 -0.007244 -0.005781 -0.004827 0.995904 -0.090413 -0.000800 0.090228 0.993212 0.073406 -0.005842 -0.073178 0.997302
2.841079 -0.007995 -0.006921 -0.006258 0.995732 -0.084604 -0.036882 0.087066 0.993653 0.071225 0.030622 -0.074132 0.996778
2.959722 -0.007600 -0.006450 -0.006406 0.994768 -0.093881 -0.040278 0.096674 0.992549 0.074166 0.033015 -0.077672 0.996432
3.076291 -0.006707 -0.006272 -0.007403 0.994484 -0.089043 -0.055438 0.093224 0.992582 0.078046 0.048077 -0.082784 0.995407
3.192526 -0.006273 -0.005947 -0.007860 0.993121 -0.094136 -0.069636 0.099329 0.992202 0.075299 0.062004 -0.081697 0.994727
3.315122 -0.006624 -0.008016 -0.010856 0.994438 -0.084755 -0.062532 0.089583 0.992846 0.078935 0.055394 -0.084098 0.994917
3.428275 -0.004621 -0.007190 -0.011369 0.992623 -0.091613 -0.079412 0.098555 0.991196 0.088419 0.070612 -0.095593 0.992913
3.553638 -0.004406 -0.005907 -0.013051 0.991451 -0.090615 -0.093882 0.099951 0.989950 0.100048 0.083872 -0.108576 0.990544
3.664565 -0.003741 -0.004944 -0.015546 0.988882 -0.078118 -0.126531 0.087765 0.993496 0.072550 0.120041 -0.082848 0.989306
3.779738 -0.001057 -0.003796 -0.016029 0.985725 -0.071751 -0.152309 0.083855 0.993682 0.074592 0.145995 -0.086299 0.985514
3.902010 -0.002286 -0.005336 -0.017720 0.985737 -0.083085 -0.146355 0.094416 0.992908 0.072249 0.139314 -0.085037 0.986590
4.018456 -0.000669 -0.005115 -0.020356 0.986400 -0.089677 -0.137741 0.101868 0.991232 0.084155 0.128986 -0.097042 0.986887
4.148777 -0.000780 -0.006609 -0.023415 0.980918 -0.088516 -0.173103 0.105890 0.989940 0.093841 0.163055 -0.110380 0.980423
4.263124 -0.000300 -0.005663 -0.025874 0.976424 -0.086685 -0.197692 0.105905 0.990403 0.088801 0.188097 -0.107644 0.976234
4.379185 -0.001074 -0.006054 -0.026865 0.973722 -0.084436 -0.211508 0.105186 0.990476 0.088839 0.201992 -0.108752 0.973330
4.499151 -0.000273 -0.004676 -0.026678 0.970071 -0.090819 -0.225200 0.113103 0.989671 0.088087 0.214874 -0.110921 0.970323
4.637939 0.000320 -0.005369 -0.027248 0.970350 -0.091981 -0.223518 0.108085 0.992275 0.060886 0.216191 -0.083240 0.972796
4.740892 0.000905 -0.004458 -0.029080 0.973768 -0.086854 -0.210315 0.103585 0.992164 0.069867 0.202599 -0.089819 0.975134
4.843408 0.000748 -0.004830 -0.031268 0.968553 -0.091276 -0.231458 0.109408 0.991755 0.066726 0.223459 -0.089951 0.970554
4.966178 -0.000010 -0.004675 -0.032776 0.966584 -0.086233 -0.241411 0.106084 0.991858 0.070452 0.233370 -0.093708 0.967862
5.066588 0.000528 -0.004122 -0.032892 0.964572 -0.078068 -0.252004 0.100429 0.991952 0.077105 0.243956 -0.099682 0.964650
5.167580 -0.000490 -0.004367 -0.034900 0.962259 -0.085253 -0.258436 0.110532 0.990240 0.084895 0.248676 -0.110256 0.962291
5.280666 -0.000205 -0.004564 -0.036137 0.963051 -0.079431 -0.257339 0.104924 0.990678 0.086876 0.248040 -0.110667 0.962408
5.381142 -0.000669 -0.004183 -0.038609 0.963205 -0.083070 -0.255610 0.109964 0.989597 0.092768 0.245245 -0.117462 0.962319
5.480098 0.000395 -0.003579 -0.038955 0.962232 -0.089084 -0.257243 0.118069 0.988009 0.099491 0.245295 -0.126106 0.961212
5.580811 0.001279 -0.002502 -0.040908 0.959783 -0.080885 -0.268840 0.112179 0.988321 0.103134 0.257359 -0.129145 0.957647
5.679554 0.001014 -0.002535 -0.043097 0.960747 -0.073300 -0.267567 0.103045 0.989752 0.098857 0.257579 -0.122548 0.958455
5.778167 0.001459 -0.002265 -0.043867 0.959523 -0.074080 -0.271712 0.102970 0.990267 0.093641 0.262131 -0.117829 0.957812
5.897120 0.002964 -0.001041 -0.045198 0.955061 -0.067178 -0.288696 0.096264 0.991480 0.087750 0.280342 -0.111598 0.953391
6.012369 0.004544 0.001195 -0.044587 0.952245 -0.076151 -0.295685 0.107360 0.990068 0.090766 0.285837 -0.118176 0.950964
6.109709 0.003581 -0.000257 -0.049088 0.948009 -0.086351 -0.306304 0.125916 0.985718 0.111826 0.292273 -0.144580 0.945343
6.239027 0.004402 -0.001502 -0.050719 0.945737 -0.075685 -0.315996 0.111788 0.988917 0.097710 0.305099 -0.127733 0.943716
6.340465 0.005499 -0.000065 -0.051065 0.940791 -0.067700 -0.332158 0.104483 0.990061 0.094140 0.322483 -0.123271 0.938514
6.455389 0.005641 0.000581 -0.053479 0.936834 -0.092888 -0.337214 0.123200 0.989939 0.069582 0.327358 -0.106732 0.938853
6.566717 0.005102 0.001107 -0.055938 0.929509 -0.082728 -0.359400 0.122239 0.988538 0.088599 0.347951 -0.126286 0.928968
6.668665 0.005321 0.001865 -0.056910 0.929800 -0.077789 -0.359751 0.118374 0.988683 0.092161 0.348511 -0.128276 0.928485
6.794147 0.005763 0.002187 -0.057049 0.928065 -0.078014 -0.364156 0.119686 0.988421 0.093273 0.352663 -0.130148 0.926656
6.892597 0.006862 0.002463 -0.058072 0.922167 -0.083839 -0.377596 0.129211 0.986917 0.096431 0.364571 -0.137715 0.920936
7.014907 0.007405 0.002989 -0.058808 0.922987 -0.081289 -0.376148 0.126256 0.987299 0.096441 0.363531 -0.136505 0.921527
7.142138 0.007006 0.003415 -0.060320 0.922600 -0.076659 -0.378065 0.121199 0.988031 0.095426 0.366224 -0.133861 0.920848
7.273011 0.006758 0.003384 -0.062356 0.919048 -0.072962 -0.387334 0.115706 0.989362 0.088174 0.376780 -0.125853 0.917713
7.364844 0.007167 0.004103 -0.065133 0.913552 -0.062733 -0.401855 0.111463 0.988822 0.099031 0.391151 -0.135262 0.910333
7.472691 0.006590 0.003832 -0.067289 0.909465 -0.068450 -0.410108 0.121620 0.987011 0.104969 0.397596 -0.145343 0.905976
7.592210 0.005726 0.002540 -0.070230 0.910742 -0.053543 -0.409490 0.101176 0.990270 0.095541 0.400390 -0.128444 0.907298
7.692902 0.006622 0.003871 -0.071145 0.897111 -0.038723 -0.440106 0.094212 0.990006 0.104935 0.431644 -0.135602 0.891793
7.812150 0.006650 0.002966 -0.074609 0.881491 -0.042115 -0.470320 0.097489 0.990788 0.093997 0.462028 -0.128709 0.877476
7.926902 0.007218 0.003432 -0.076517 0.877990 -0.032337 -0.477585 0.085312 0.992313 0.089647 0.471015 -0.119452 0.874000
8.032399 0.007713 0.003446 -0.078578 0.866798 -0.031624 -0.497656 0.085810 0.992559 0.086386 0.491221 -0.117583 0.863062
8.151923 0.006843 0.004289 -0.083313 0.859653 -0.036973 -0.509539 0.101797 0.989774 0.099924 0.500634 -0.137770 0.854625
8.248825 0.006749 0.005608 -0.086286 0.850372 -0.037169 -0.524868 0.111931 0.987450 0.111419 0.514140 -0.153497 0.843860
8.366461 0.007417 0.006038 -0.086711 0.845721 -0.035028 -0.532474 0.101977 0.990062 0.096838 0.523791 -0.136198 0.840888
8.480226 0.006689 0.006674 -0.087362 0.812710 -0.022804 -0.582222 0.103793 0.988918 0.106149 0.573350 -0.146699 0.806070
8.579198 0.006098 0.006615 -0.089046 0.801591 -0.040265 -0.596516 0.113276 0.989886 0.085401 0.587044 -0.136028 0.798045
8.696484 0.006024 0.007238 -0.091120 0.787769 -0.048107 -0.614089 0.127460 0.988099 0.086101 0.602639 -0.146100 0.784526
8.812801 0.006032 0.006805 -0.094200 0.772445 -0.027805 -0.634473 0.113808 0.988929 0.095218 0.624802 -0.145758 0.767058
8.927904 0.006042 0.007785 -0.095101 0.756543 -0.041868 -0.652602 0.122745 0.989303 0.078826 0.642321 -0.139739 0.753590
9.040092 0.006451 0.007985 -0.098298 0.754077 -0.043790 -0.655324 0.127133 0.988636 0.080229 0.644364 -0.143813 0.751075
9.128462 0.005896 0.007208 -0.101144 0.746815 -0.049066 -0.663220 0.125678 0.989717 0.068298 0.653049 -0.134358 0.745302
9.242575 0.005511 0.007060 -0.103120 0.729059 -0.046017 -0.682902 0.129768 0.988934 0.071901 0.672037 -0.141039 0.726963
9.355569 0.006296 0.007965 -0.103616 0.736623 -0.037451 -0.675266 0.119461 0.989971 0.075411 0.665669 -0.136217 0.733709
9.440304 0.006805 0.008883 -0.104550 0.733428 -0.030483 -0.679083 0.108912 0.991358 0.073127 0.670985 -0.127594 0.730410
9.553776 0.006626 0.009850 -0.107546 0.740231 -0.015433 -0.672175 0.103015 0.990536 0.090703 0.664414 -0.136385 0.734815
9.666757 0.007739 0.010488 -0.109967 0.742844 -0.015055 -0.669295 0.098477 0.991329 0.087000 0.662182 -0.130538 0.737885
9.754666 0.007545 0.010182 -0.113970 0.717902 -0.009610 -0.696078 0.093837 0.992115 0.083081 0.689791 -0.124962 0.713143
9.858179 0.008476 0.010635 -0.113708 0.715106 -0.006637 -0.698984 0.099511 0.990737 0.092398 0.691896 -0.135631 0.709143
9.975217 0.008564 0.011651 -0.116763 0.691958 -0.019292 -0.721680 0.115830 0.989659 0.084604 0.712585 -0.142135 0.687037
10.081435 0.008325 0.010472 -0.120986 0.689336 -0.006959 -0.724409 0.095478 0.992104 0.081324 0.718123 -0.125225 0.684557
10.169613 0.005149 0.008719 -0.128169 0.676193 -0.009744 -0.736660 0.112588 0.989534 0.090258 0.728071 -0.143971 0.670213
10.281304 0.005919 0.008291 -0.127901 0.655050 -0.020266 -0.755314 0.117268 0.990254 0.075131 0.746430 -0.137789 0.651042
10.391967 0.004963 0.010540 -0.130812 0.628928 -0.016294 -0.777293 0.131879 0.987528 0.086005 0.766197 -0.156600 0.623232
10.472837 0.005843 0.014349 -0.129435 0.638706 0.017053 -0.769262 0.124879 0.984202 0.125503 0.759250 -0.176224 0.626486
10.583451 0.005410 0.011956 -0.134049 0.610396 -0.025329 -0.791691 0.131606 0.988840 0.069831 0.781087 -0.146816 0.606917
10.694683 0.005793 0.010718 -0.136594 0.615187 -0.011166 -0.788302 0.108483 0.991587 0.070615 0.780882 -0.128959 0.611223
10.801544 0.005836 0.010683 -0.137003 0.579838 0.015211 -0.814590 0.120173 0.987293 0.103977 0.805821 -0.158181 0.570642
10.893557 0.005093 0.010740 -0.139405 0.571425 -0.004327 -0.820643 0.125693 0.988649 0.082309 0.810971 -0.150182 0.565483
11.003028 0.005160 0.010678 -0.139516 0.573555 -0.001788 -0.819165 0.124253 0.988617 0.084840 0.809689 -0.150444 0.567249
11.113264 0.004416 0.011234 -0.143348 0.532486 0.016102 -0.846286 0.092990 0.992654 0.077397 0.841316 -0.119909 0.527077
11.194776 0.004277 0.011442 -0.146808 0.538285 0.038525 -0.841882 0.080881 0.991982 0.097108 0.838872 -0.120364 0.530854
11.304845 0.002437 0.011427 -0.149627 0.530409 0.036830 -0.846941 0.098276 0.989649 0.104583 0.842026 -0.138706 0.521299
11.415243 0.000565 0.008867 -0.153803 0.466109 0.008099 -0.884690 0.115243 0.990883 0.069788 0.877190 -0.134483 0.460926
11.521194 -0.000946 0.008875 -0.158753 0.467307 0.021231 -0.883840 0.100924 0.991895 0.077187 0.878316 -0.125271 0.461377
11.605556 -0.003396 0.008871 -0.159550 0.436869 0.036175 -0.898798 0.100146 0.991023 0.088564 0.893933 -0.128702 0.429324
11.723346 -0.003211 0.008740 -0.159698 0.434666 0.034145 -0.899944 0.101271 0.991090 0.086516 0.894880 -0.128744 0.427335
11.830751 -0.003188 0.008615 -0.159716 0.435693 0.035152 -0.899409 0.101536 0.990940 0.087916 0.894350 -0.129626 0.428176
11.930385 -0.006081 0.008264 -0.165090 0.445262 0.032890 -0.894796 0.102421 0.990895 0.087389 0.889523 -0.130557 0.437839
12.039316 -0.005650 0.009683 -0.164960 0.411499 0.031559 -0.910864 0.101307 0.991623 0.080124 0.905762 -0.125248 0.404855
12.147570 -0.007303 0.009056 -0.169263 0.387122 0.040369 -0.921144 0.096033 0.991842 0.083827 0.917014 -0.120912 0.380087
12.226515 -0.007309 0.008937 -0.169235 0.387049 0.041453 -0.921127 0.096359 0.991700 0.085118 0.917010 -0.121704 0.379843
12.320819 -0.008503 0.010233 -0.170675 0.364173 0.026563 -0.930952 0.100122 0.992684 0.067490 0.925934 -0.117787 0.358849
12.412857 -0.009200 0.011608 -0.172665 0.338720 0.018195 -0.940711 0.107340 0.992538 0.057847 0.934744 -0.120569 0.334240
12.520813 -0.009021 0.011720 -0.172797 0.337612 0.018881 -0.941096 0.106996 0.992549 0.058298 0.935185 -0.120375 0.333076
12.629473 -0.008671 0.012455 -0.174081 0.354481 0.028668 -0.934623 0.108831 0.991472 0.071689 0.928708 -0.127128 0.348338
12.713874 -0.009506 0.014552 -0.172127 0.323932 0.028198 -0.945660 0.095498 0.993476 0.062336 0.941248 -0.110501 0.319126
12.823188 -0.009335 0.014485 -0.172205 0.325136 0.028284 -0.945244 0.095077 0.993510 0.062432 0.940875 -0.110170 0.320337
12.931908 -0.012705 0.014480 -0.179208 0.333932 0.040965 -0.941706 0.113278 0.990071 0.083238 0.935766 -0.134470 0.325976
13.039451 -0.015306 0.011808 -0.183156 0.328047 0.051958 -0.943231 0.103794 0.990458 0.090658 0.938942 -0.127642 0.319524
13.146729 -0.017027 0.011300 -0.185114 0.315043 0.016587 -0.948932 0.120987 0.990988 0.057490 0.941334 -0.132920 0.310197
13.253124 -0.017393 0.011179 -0.184441 0.304364 0.051706 -0.951151 0.114916 0.989240 0.090549 0.945599 -0.136862 0.295147
13.358175 -0.016903 0.011747 -0.185759 0.275435 0.062842 -0.959264 0.105528 0.989854 0.095147 0.955510 -0.127436 0.266008
13.447131 -0.016721 0.012817 -0.186082 0.273661 0.059074 -0.960010 0.109162 0.989755 0.092022 0.955611 -0.129979 0.264409
13.554960 -0.015293 0.013464 -0.186086 0.265837 0.049991 -0.962721 0.107279 0.990918 0.081078 0.958030 -0.124834 0.258060
13.661659 -0.015256 0.013738 -0.186236 0.266348 0.052640 -0.962438 0.106627 0.990770 0.083698 0.957961 -0.124915 0.258277
13.768181 -0.015447 0.013927 -0.186302 0.261347 0.053326 -0.963771 0.104675 0.991019 0.083218 0.959552 -0.122631 0.253418
13.873129 -0.015425 0.014130 -0.186454 0.262693 0.053042 -0.963420 0.104900 0.990999 0.083163 0.959160 -0.122909 0.254765
13.977696 -0.016460 0.014231 -0.187860 0.239233 0.051135 -0.969615 0.103804 0.991542 0.077903 0.965398 -0.119287 0.231901
14.082125 -0.016780 0.014072 -0.188056 0.263603 0.021548 -0.964391 0.119728 0.991289 0.054875 0.957172 -0.129930 0.258727
14.187614 -0.016928 0.013989 -0.188077 0.263966 0.023276 -0.964251 0.119953 0.991156 0.056763 0.957044 -0.130649 0.258839
14.292219 -0.018005 0.013016 -0.190428 0.267725 0.044122 -0.962485 0.107146 0.991391 0.075251 0.957519 -0.123273 0.260693
14.395481 -0.016772 0.013571 -0.188671 0.274570 0.021766 -0.961321 0.118369 0.991375 0.056254 0.954254 -0.129236 0.269625
14.472235 -0.016533 0.013725 -0.188593 0.274117 0.027126 -0.961314 0.116667 0.991281 0.061239 0.954593 -0.128941 0.268562
14.584848 -0.016519 0.013803 -0.188625 0.275530 0.025147 -0.960963 0.117016 0.991346 0.059494 0.954144 -0.128841 0.270203
14.688198 -0.016327 0.013881 -0.188613 0.273949 0.023406 -0.961459 0.116809 0.991493 0.057419 0.954624 -0.128037 0.268885
14.792706 -0.014421 0.015879 -0.185950 0.270514 0.031432 -0.962203 0.111387 0.991733 0.063712 0.956250 -0.124412 0.264777
14.896177 -0.014060 0.016237 -0.186624 0.281914 0.045755 -0.958348 0.114719 0.990089 0.081017 0.952557 -0.132780 0.273871
14.999694 -0.015984 0.014594 -0.188477 0.251189 0.059945 -0.966080 0.108431 0.990056 0.089626 0.961845 -0.127266 0.242192
15.102832 -0.015640 0.015915 -0.189167 0.265924 0.052162 -0.962582 0.122318 0.988638 0.087365 0.956202 -0.140973 0.256523
15.201952 -0.016996 0.013737 -0.189067 0.267780 0.041865 -0.962570 0.126977 0.988808 0.078331 0.955076 -0.143200 0.259467
15.288080 -0.015820 0.014383 -0.187404 0.244207 0.019911 -0.969519 0.126151 0.990641 0.052120 0.961483 -0.135034 0.239410
15.390973 -0.015842 0.014278 -0.187380 0.243483 0.015593 -0.969780 0.126684 0.990794 0.047738 0.961596 -0.134479 0.239266
15.494125 -0.015937 0.014198 -0.187313 0.242364 0.020934 -0.969959 0.124952 0.990767 0.052605 0.962105 -0.133948 0.237511
15.596011 -0.016041 0.014345 -0.187448 0.244013 0.023127 -0.969496 0.125899 0.990500 0.055316 0.961565 -0.135556 0.238783
15.680216 -0.015306 0.015505 -0.186855 0.250434 0.025659 -0.967794 0.131941 0.989417 0.060374 0.959101 -0.142811 0.244398
15.785573 -0.012730 0.016549 -0.182575 0.260048 0.040444 -0.964748 0.130376 0.988503 0.076583 0.956753 -0.145695 0.251786
15.890292 -0.015529 0.014200 -0.186394 0.251125 0.050512 -0.966636 0.122040 0.989016 0.083386 0.960230 -0.138909 0.242203
15.994787 -0.015464 0.014262 -0.186369 0.251529 0.051258 -0.966491 0.121681 0.988998 0.084119 0.960170 -0.138762 0.242525
16.071655 -0.015357 0.014480 -0.186370 0.250850 0.050391 -0.966713 0.121287 0.989138 0.083033 0.960398 -0.138079 0.242014
16.175682 -0.015389 0.015379 -0.185980 0.243104 0.032107 -0.969469 0.116215 0.991289 0.061971 0.963013 -0.127733 0.237255
16.280491 -0.014350 0.014314 -0.186101 0.245183 0.041534 -0.968587 0.114049 0.990909 0.071360 0.962745 -0.127963 0.238217
16.385502 -0.015309 0.013818 -0.187135 0.239831 0.025916 -0.970469 0.113114 0.992089 0.054447 0.964203 -0.122831 0.235002
16.490067 -0.015291 0.013862 -0.187376 0.240903 0.027406 -0.970162 0.113583 0.991936 0.056225 0.963880 -0.123739 0.235848
16.593245 -0.015187 0.013712 -0.187333 0.240466 0.030672 -0.970173 0.112777 0.991849 0.059310 0.964084 -0.123675 0.235047
16.696476 -0.015390 0.013810 -0.187334 0.242855 0.029161 -0.969624 0.113686 0.991805 0.058302 0.963378 -0.124391 0.237549
16.799852 -0.015425 0.013929 -0.187169 0.244255 0.025550 -0.969374 0.115300 0.991796 0.055193 0.962832 -0.125250 0.239305
16.903988 -0.015548 0.013975 -0.187024 0.243934 0.021353 -0.969557 0.115327 0.992025 0.050864 0.962910 -0.124223 0.239526
17.009394 -0.015391 0.014065 -0.187092 0.244713 0.018633 -0.969416 0.115735 0.992106 0.048284 0.962663 -0.124011 0.240625
17.117373 -0.015564 0.014130 -0.187055 0.244367 0.023517 -0.969398 0.114307 0.992037 0.052881 0.962922 -0.123731 0.239733
17.226551 -0.015480 0.014166 -0.187015 0.244755 0.024922 -0.969265 0.114778 0.991896 0.054487 0.962767 -0.124586 0.239911
17.334736 -0.015486 0.014401 -0.187199 0.246011 0.026544 -0.968903 0.115026 0.991761 0.056377 0.962417 -0.125319 0.240931
17.441004 -0.017200 0.013073 -0.189511 0.261778 0.038629 -0.964355 0.113274 0.991063 0.070447 0.958458 -0.127678 0.255062
17.524605 -0.017208 0.013024 -0.189286 0.260076 0.040527 -0.964737 0.112087 0.991097 0.071851 0.959060 -0.126822 0.253218
17.627926 -0.017153 0.012989 -0.189213 0.260784 0.041174 -0.964519 0.112408 0.990999 0.072697 0.958830 -0.127378 0.253809
17.731163 -0.017133 0.013073 -0.189303 0.260137 0.042986 -0.964614 0.111651 0.990968 0.074271 0.959095 -0.127021 0.252988
17.833944 -0.015822 0.012724 -0.189774 0.256397 0.024272 -0.966267 0.108135 0.992689 0.053629 0.960504 -0.118237 0.251898
17.936794 -0.016110 0.014009 -0.187720 0.238777 0.040040 -0.970249 0.104073 0.992340 0.066563 0.965481 -0.116871 0.232781
18.039064 -0.016989 0.014405 -0.189047 0.232493 0.063359 -0.970532 0.099108 0.991138 0.088446 0.967535 -0.116751 0.224153
18.141872 -0.017037 0.014270 -0.188743 0.230401 0.066458 -0.970824 0.097665 0.991048 0.091020 0.968182 -0.115787 0.221848
18.243563 -0.017147 0.014367 -0.188659 0.230551 0.067471 -0.970718 0.097511 0.990970 0.092038 0.968162 -0.115875 0.221890
18.345377 -0.017042 0.014335 -0.188681 0.231565 0.065675 -0.970600 0.097747 0.991099 0.090382 0.967896 -0.115802 0.223084
18.447266 -0.014893 0.016499 -0.187143 0.246150 0.059162 -0.967425 0.107816 0.990269 0.087992 0.963216 -0.125963 0.237376
18.549221 -0.016303 0.015720 -0.187380 0.235230 0.044231 -0.970933 0.097705 0.992828 0.068899 0.967016 -0.111072 0.229221
18.658125 -0.016382 0.015896 -0.187429 0.236923 0.043381 -0.970559 0.098359 0.992799 0.068385 0.966537 -0.111665 0.230950
18.759668 -0.014622 0.016076 -0.187476 0.256251 0.037302 -0.965890 0.107317 0.991980 0.066781 0.960634 -0.120769 0.250193
18.861792 -0.016224 0.014617 -0.188167 0.234172 0.026158 -0.971843 0.105233 0.993083 0.052087 0.966483 -0.114468 0.229799
18.962976 -0.016360 0.014565 -0.188122 0.235215 0.031651 -0.971428 0.104884 0.992807 0.057743 0.966268 -0.115469 0.230203
19.065437 -0.016333 0.014631 -0.188171 0.236820 0.031380 -0.971046 0.105719 0.992711 0.057863 0.965784 -0.116361 0.231777
19.167326 -0.017050 0.013713 -0.188234 0.235325 0.032312 -0.971380 0.102021 0.993104 0.057751 0.966547 -0.112692 0.230405
19.268532 -0.017173 0.013698 -0.188220 0.234136 0.032127 -0.971673 0.102043 0.993121 0.057424 0.966834 -0.112597 0.229247
19.364340 -0.017299 0.013657 -0.188307 0.235698 0.028674 -0.971403 0.102816 0.993219 0.054265 0.966372 -0.112666 0.231151
19.443455 -0.017479 0.013863 -0.188282 0.235749 0.028119 -0.971407 0.102525 0.993284 0.053634 0.966391 -0.112237 0.231282
19.551441 -0.016587 0.013429 -0.187806 0.259601 0.034897 -0.965085 0.102900 0.992658 0.063574 0.960218 -0.115811 0.254104
19.659332 -0.016652 0.013373 -0.187879 0.260651 0.031720 -0.964912 0.103367 0.992798 0.060559 0.959883 -0.115525 0.255495
19.769857 -0.016664 0.013388 -0.188033 0.260653 0.032794 -0.964876 0.102638 0.992818 0.061470 0.959961 -0.115055 0.255415
19.876141 -0.016831 0.013263 -0.188178 0.262608 0.033056 -0.964336 0.103450 0.992688 0.062200 0.959341 -0.116094 0.257268
19.984890 -0.016967 0.013287 -0.188213 0.261013 0.033079 -0.964768 0.103032 0.992749 0.061913 0.959821 -0.115562 0.255713
20.087040 -0.016981 0.013341 -0.188205 0.258669 0.034465 -0.965351 0.102127 0.992787 0.062810 0.960552 -0.114835 0.253283
20.169466 -0.016976 0.013364 -0.188268 0.258481 0.038280 -0.965258 0.101444 0.992614 0.066531 0.960675 -0.115117 0.252688
20.271132 -0.017127 0.013219 -0.188359 0.260642 0.037811 -0.964695 0.101971 0.992565 0.066454 0.960035 -0.115692 0.254849
20.374510 -0.017117 0.013149 -0.188338 0.260641 0.040204 -0.964598 0.101348 0.992473 0.068751 0.960101 -0.115680 0.254605
20.476337 -0.017049 0.013206 -0.188183 0.260302 0.036433 -0.964840 0.101879 0.992673 0.064969 0.960137 -0.115208 0.254683
20.554102 -0.016818 0.013265 -0.188273 0.259287 0.042870 -0.964848 0.100630 0.992378 0.071136 0.960543 -0.115538 0.252997
