<?xml version="1.0"?>
<opencv_storage>
<imgsize type_id="opencv-matrix">
  <rows>2</rows>
  <cols>1</cols>
  <dt>d</dt>
  <data>
    640. 480.</data></imgsize>
<intrinsic type_id="opencv-matrix">
  <rows>3</rows>
  <cols>3</cols>
  <dt>d</dt>
  <data>
    8.0224293597169151e+02 0. 3.1350969408125923e+02 0.
    8.0529325934707356e+02 2.3560907809415900e+02 0. 0. 1.</data></intrinsic>
<distortion type_id="opencv-matrix">
  <rows>4</rows>
  <cols>1</cols>
  <dt>d</dt>
  <data>
    -1.4199922581549548e-01 2.1656374118075483e-01
    -1.3569767223991979e-03 -3.1074975156054133e-03</data></distortion>
<tvecs type_id="opencv-matrix">
  <rows>24</rows>
  <cols>3</cols>
  <dt>d</dt>
  <data>
    6.2386676279329321e-312 6.5145270807732395e-312
    8.3182235030492550e-312 9.6338608933439701e-312
    1.0121919925201754e-311 1.0100699966896849e-311
    9.7399606824327527e-312 9.1882417768163665e-312
    8.8487224502421603e-312 8.5728629974216155e-312
    8.3606634183497916e-312 7.9150443022372031e-312
    8.2545636287471807e-312 8.5728629973771496e-312
    1.0121919924648401e-311 1.0100699966358317e-311
    9.5277611028075752e-312 9.0184821129363846e-312
    8.2757835861183019e-312 8.2757835860343107e-312
    8.3606634176630403e-312 8.4031033334477612e-312
    8.5092031229960248e-312 8.4455432492621260e-312
    8.4243232913178886e-312 8.4667632071520161e-312
    8.5516430387609830e-312 8.7214027020332641e-312
    8.5728629966508731e-312 8.6365228703452467e-312
    8.7001827441087894e-312 8.7426226599182136e-312
    8.6789627861447895e-312 8.8062825335878839e-312
    8.6577428282005522e-312 8.8062825335681212e-312
    8.7850625756337652e-312 8.7001827440000950e-312
    8.6577428281610269e-312 8.7001827440000950e-312
    8.7850625756238839e-312 8.7850625755892993e-312
    8.8699424072427322e-312 8.7850625755596554e-312
    8.8487224492787323e-312 8.6789627859916292e-312
    8.7638426176252994e-312 8.8062825334199016e-312
    8.6789627859570446e-312 8.7850625754855455e-312
    8.7638426175511895e-312 8.6789627859026973e-312
    8.7638426175166049e-312 8.6577428279485787e-312
    8.6577428279288161e-312 8.5728629963000865e-312
    8.6577428279189348e-312 8.7426226595773083e-312
    8.7214027016380116e-312 8.7850625753669698e-312
    8.6153029120502228e-312 8.7850625753076819e-312
    8.7001827436443677e-312 8.6365228699252909e-312
    8.7426226594439106e-312 8.7638426173782666e-312
    8.8062825331679281e-312 8.8911623648065390e-312
    8.7638426173239193e-312 8.6365228698956469e-312
    8.5940829540516382e-312 8.6789627856951898e-312</data></tvecs>
<rvecs type_id="opencv-matrix">
  <rows>24</rows>
  <cols>3</cols>
  <dt>d</dt>
  <data>
    6.9177062816099948e-312 6.7055067025035862e-312
    6.8540464079007992e-312 6.7903865341817224e-312
    6.8540464079205618e-312 6.7055067025579334e-312
    6.7691665763214762e-312 7.1935657345145307e-312
    7.0450260290975550e-312 7.1511258186507593e-312
    7.0874659448970978e-312 7.1511258186359373e-312
    7.1723457765208868e-312 7.1935657344552428e-312
    7.1086859028215725e-312 7.2572256082039636e-312
    7.3421054398228118e-312 7.2572256081545570e-312
    7.3208854818884558e-312 7.3633253976879987e-312
    7.1723457764863022e-312 7.2147856922660824e-312
    7.2996655238948120e-312 7.1723457764171330e-312
    7.1723457763973704e-312 7.2784455659555153e-312
    7.2572256080310406e-312 7.3845453554988382e-312
    7.2147856922364384e-312 7.3208854817847020e-312
    7.4057653134430756e-312 7.3421054397437613e-312
    7.3845453555729481e-312 7.2996655239442185e-312
    7.3633253977028206e-312 7.4482052293266095e-312
    7.4906451451656776e-312 7.3845453556223547e-312
    7.4694251872659062e-312 7.4057653135616513e-312
    7.5330850610343896e-312 7.4269852714861260e-312
    7.4269852715256513e-312 7.4906451452496688e-312
    7.4906451452249655e-312 7.5755249768734577e-312
    7.5543050189835676e-312 8.2970035458214129e-312
    8.3182235036026086e-312 8.2545636298044812e-312
    8.3182235034988548e-312 8.2545636297600153e-312
    8.3394434613936855e-312 8.2970035455595581e-312
    8.3606634192983976e-312 8.3606634193181602e-312
    8.2970035455941427e-312 8.3606634193379229e-312
    8.5092031246560854e-312 8.4455432508925426e-312
    8.5940829562650523e-312 8.5304230825113909e-312
    8.4879831666970261e-312 8.5304230824866876e-312
    8.3818833771042965e-312 8.3182235033506351e-312
    8.4031033349892460e-312 8.3606634191551186e-312
    8.4667632087132635e-312 8.4667632086786789e-312
    8.5304230824224590e-312 8.5728629982220019e-312</data></rvecs>
</opencv_storage>
