# SVS Engine v 4.0 Stereo Camera Parameter File



[image]
have_rect = 1 


[stereo]
frame = 1.0 


[external]
Tx = -118.342925 
Ty = 0.380685 
Tz = -0.993802 
Rx = 0.001819 
Ry = 0.012954 
Rz = -0.010139 


[left camera]
pwidth = 640 
pheight = 480 
dpx = 0.007000 
dpy = 0.007000 
sx = 1.000000 
Cx = 324.286300 
Cy = 235.297834 
f = 809.071765 
fy = 807.459431 
alpha = 0.000000 
kappa1 = -0.095123 
kappa2 = 0.149753 
kappa3 = -0.363884 
tau1 = 0.003724 
tau2 = 0.001336 
proj = 8.080000e+02 0.000000e+00 3.065328e+02 0.000000e+00 0.000000e+00 8.080000e+02 2.408700e+02 0.000000e+00 0.000000e+00 0.000000e+00 1.000000e+00 0.000000e+00 
rect = 9.997480e-01 6.948425e-03 2.134668e-02 -6.929679e-03 9.999756e-01 -9.520286e-04 -2.135277e-02 8.038630e-04 9.997717e-01 


[right camera]
pwidth = 640 
pheight = 480 
dpx = 0.007000 
dpy = 0.007000 
sx = 1.000000 
Cx = 329.404095 
Cy = 245.730187 
f = 810.076313 
fy = 808.082304 
alpha = 0.000000 
kappa1 = -0.127550 
kappa2 = 0.376362 
kappa3 = -0.521399 
tau1 = 0.003602 
tau2 = 0.003033 
proj = 8.080000e+02 0.000000e+00 3.065328e+02 -9.562109e+04 0.000000e+00 8.080000e+02 2.408700e+02 0.000000e+00 0.000000e+00 0.000000e+00 1.000000e+00 0.000000e+00 
rect = 9.999596e-01 -3.216792e-03 8.397643e-03 3.209418e-03 9.999945e-01 8.914861e-04 -8.400463e-03 -8.644985e-04 9.999644e-01 


[global]
GTx = 0.000000 
GTy = 0.000000 
GTz = 0.000000 
GRx = 0.000000 
GRy = 0.000000 
GRz = 0.000000 
