# SVS Engine v 4.0 Stereo Camera Parameter File



[image]
have_rect = 1 


[stereo]
frame = 1.0 


[external]
Tx = -118.595308 
Ty = -1.441921 
Tz = -0.124248 
Rx = 0.007562 
Ry = -0.000672 
Rz = 0.011725 


[left camera]
pwidth = 640 
pheight = 480 
dpx = 0.010400 
dpy = 0.010400 
sx = 1.000000 
Cx = 319.889262 
Cy = 242.172396 
f = 808.756027 
fy = 807.850863 
alpha = 0.000000 
kappa1 = -0.116100 
kappa2 = 0.175326 
kappa3 = 0.000000 
tau1 = 0.000000 
tau2 = 0.000000 
proj = 8.080000e+02 0.000000e+00 3.196197e+02 0.000000e+00 0.000000e+00 8.080000e+02 2.449908e+02 0.000000e+00 0.000000e+00 0.000000e+00 1.000000e+00 0.000000e+00 
rect = 9.999998e-01 4.386956e-04 3.284767e-04 -4.374501e-04 9.999927e-01 -3.782163e-03 -3.301335e-04 3.782019e-03 9.999928e-01 


[right camera]
pwidth = 640 
pheight = 480 
dpx = 0.010400 
dpy = 0.010400 
sx = 1.000000 
Cx = 303.256510 
Cy = 247.480110 
f = 808.450239 
fy = 807.999187 
alpha = 0.000000 
kappa1 = -0.128910 
kappa2 = 0.223513 
kappa3 = 0.000000 
tau1 = 0.000000 
tau2 = 0.000000 
proj = 8.080000e+02 0.000000e+00 3.196197e+02 -9.582501e+04 0.000000e+00 8.080000e+02 2.449908e+02 0.000000e+00 0.000000e+00 0.000000e+00 1.000000e+00 0.000000e+00 
rect = 9.999256e-01 1.215833e-02 1.047667e-03 -1.216221e-02 9.999189e-01 3.775790e-03 -1.001674e-03 -3.788251e-03 9.999923e-01 


[global]
GTx = 0.000000 
GTy = 0.000000 
GTz = 0.000000 
GRx = 0.000000 
GRy = 0.000000 
GRz = 0.000000 
