# SVS Engine v 4.0 Stereo Camera Parameter File



[image]
have_rect = 1 


[stereo]
frame = 1.0 


[external]
Tx = -121.002443 
Ty = 0.256474 
Tz = 2.663890 
Rx = -0.010575 
Ry = -0.008468 
Rz = -0.011360 


[left camera]
pwidth = 640 
pheight = 480 
dpx = 0.007000 
dpy = 0.007000 
sx = 1.000000 
Cx = 311.417148 
Cy = 237.101099 
f = 814.468256 
fy = 812.845412 
alpha = 0.000000 
kappa1 = -0.061238 
kappa2 = -0.575973 
kappa3 = 3.857603 
tau1 = 0.002934 
tau2 = -0.004608 
proj = 8.140000e+02 0.000000e+00 3.365259e+02 0.000000e+00 0.000000e+00 8.140000e+02 2.352259e+02 0.000000e+00 0.000000e+00 0.000000e+00 1.000000e+00 0.000000e+00 
rect = 9.994913e-01 9.513474e-03 -3.044063e-02 -9.354415e-03 9.999419e-01 5.363360e-03 3.048989e-02 -5.075877e-03 9.995222e-01 


[right camera]
pwidth = 640 
pheight = 480 
dpx = 0.007000 
dpy = 0.007000 
sx = 1.000000 
Cx = 325.422153 
Cy = 233.113729 
f = 816.377629 
fy = 814.411885 
alpha = 0.000000 
kappa1 = -0.049346 
kappa2 = -0.540863 
kappa3 = 2.680094 
tau1 = 0.000821 
tau2 = 0.001375 
proj = 8.140000e+02 0.000000e+00 3.365259e+02 -9.849599e+04 0.000000e+00 8.140000e+02 2.352259e+02 0.000000e+00 0.000000e+00 0.000000e+00 1.000000e+00 0.000000e+00 
rect = 9.997554e-01 -2.119576e-03 -2.201518e-02 2.004614e-03 9.999843e-01 -5.242670e-03 2.202594e-02 5.197255e-03 9.997439e-01 


[global]
GTx = 0.000000 
GTy = 0.000000 
GTz = 0.000000 
GRx = 0.000000 
GRy = 0.000000 
GRz = 0.000000 
