<?xml version="1.0"?>
<opencv_storage>
<imgsize type_id="opencv-matrix">
  <rows>2</rows>
  <cols>1</cols>
  <dt>d</dt>
  <data>
    640. 480.</data></imgsize>
<intrinsic type_id="opencv-matrix">
  <rows>3</rows>
  <cols>3</cols>
  <dt>d</dt>
  <data>
    8.1272499936862982e+02 0. 3.1539599981493529e+02 0.
    8.1486190285756243e+02 2.4708338670799930e+02 0. 0. 1.</data></intrinsic>
<distortion type_id="opencv-matrix">
  <rows>4</rows>
  <cols>1</cols>
  <dt>d</dt>
  <data>
    -1.2056057560906241e-01 2.1291288860612839e-01
    2.4465223503719450e-03 -6.0292169377683304e-04</data></distortion>
<tvecs type_id="opencv-matrix">
  <rows>23</rows>
  <cols>3</cols>
  <dt>d</dt>
  <data>
    1.0609979168262721e-313 1.2731974748261962e-313 0. 0.
    5.6846582734769863e-269 8.4879831638610893e-314
    1.7489502346149106e+02 1.0609979168756786e-313
    1.2731974961204255e-313 2.1219958124077213e-313
    1.4853970750193265e-313 1.9577565393323988e-312
    5.6834567361008518e-269 0. 1.6975966328216244e-313
    5.6851897227013646e-269 5.3845511141957080e-269
    5.6850972037556071e-269 1.4853970561954254e-313
    2.1219957914593380e-314 0. 0. 1.6811474609375000e+02
    5.6850972967492988e-269 2.1219957909652723e-314
    2.8629761528236577e+02 1.4853970561954254e-313
    1.9577567012278296e-312 5.6838264399088137e-269
    6.8299042002318913e-316 1.6975966329698441e-313
    5.6856287459736772e-269 5.3845511141957080e-269
    5.6854669075637842e-269 1.2731974820889612e-313
    6.3659873743780139e-314 0. 0. 7.1865478515625000e+01
    5.6854670005575620e-269 8.4879831638610893e-314
    2.1761597072712402e+02 1.4853970611854884e-313
    1.2731974821383678e-313 1.4853970612843016e-313
    1.6975966403314222e-313 1.9577567012278296e-312
    5.6851897227015798e-269 6.8299042002318913e-316
    1.6975966330686572e-313 5.6861139822220226e-269
    5.3845511141957080e-269 5.6859059308359945e-269
    1.2731974889070671e-313 8.4879831653432862e-314 0. 0.
    2.4577819824218750e+02 5.6859060238298746e-269
    1.2731974745791634e-313 1.6461413967244084e+02
    1.4853970680035943e-313 1.2731974889564737e-313
    1.4853970681024075e-313 1.6975966471989347e-313
    1.9097962262460554e-313 1.6975966471001216e-313
    1.9577567012278296e-312 5.6856287459741506e-269</data></tvecs>
<rvecs type_id="opencv-matrix">
  <rows>23</rows>
  <cols>3</cols>
  <dt>d</dt>
  <data>
    0. 5.9287877500949585e-323 0. 2.5463949491583268e-313 0. 1. 0. 0. 1.
    0. 0. 1. 0. 0. 1. 0. 0. 5.4873519723045222e-269 72. 72. 300. 300. 0.
    5.4874906112326209e-269 0. 0. 0. 5.5377471297090149e-269 0.
    2.2038811098788746e-280 4.0236945027836650e-269 0.
    1.0250043858332589e-268 1.0185579799795327e-311
    2.2038817153429705e-280 0. 1.0283843060815463e-268
    1.0284351403551825e-268 1.0284859746288187e-268
    1.0285368089024549e-268 1.0285876431760911e-268
    1.0286384774497273e-268 1.0286893117233635e-268
    1.0287401459969996e-268 6.8287223952070390e-316
    4.2371522390299280e-269 1.4821969375237396e-323 0.
    3.2379086165851934e-319 0. 3.2379086165851934e-319 0.
    3.2379086165851934e-319 1.3852389349087995e-309
    8.4879831867857352e-313 6.8286852414704718e-316
    1.0185579799795327e-311 0. 0. 1.1226045205248368e-311
    -6.5109869426996214e-45 5.4883224448012130e-269
    1.0297059971960872e-268 1.0297568314697234e-268
    1.0298076657433596e-268 1.0298585000169958e-268
    1.0299093342906320e-268 1.0299601685642682e-268
    1.0300110028379044e-268</data></rvecs>
</opencv_storage>
