<?xml version="1.0"?>
<opencv_storage>
<imgsize type_id="opencv-matrix">
  <rows>2</rows>
  <cols>1</cols>
  <dt>d</dt>
  <data>
    640. 480.</data></imgsize>
<intrinsic type_id="opencv-matrix">
  <rows>3</rows>
  <cols>3</cols>
  <dt>d</dt>
  <data>
    8.1662759982241221e+02 0. 3.2302547431628517e+02 0.
    8.1735142547957264e+02 2.4598579300190397e+02 0. 0. 1.</data></intrinsic>
<distortion type_id="opencv-matrix">
  <rows>4</rows>
  <cols>1</cols>
  <dt>d</dt>
  <data>
    -8.7237298032674895e-02 -1.6784891005458086e-01
    -1.1635257296249402e-03 -8.9483058152668119e-04</data></distortion>
<tvecs type_id="opencv-matrix">
  <rows>22</rows>
  <cols>3</cols>
  <dt>d</dt>
  <data>
    1.4308657836914062e+02 1.2516098022460938e+02 1.3702957153320312e+02
    1.4486685180664062e+02 1.3127450561523438e+02 1.6406741333007812e+02
    1.2555097961425781e+02 1.8273112487792969e+02 1.2008360290527344e+02
    2.0070016479492188e+02 1.1481677246093750e+02 2.1821295166015625e+02
    1.0975312805175781e+02 8.8424919128417969e+01 1.7229985046386719e+02
    1.0924990844726562e+02 1.6568656921386719e+02 1.2941259765625000e+02
    1.5942439270019531e+02 1.4889451599121094e+02 1.5331959533691406e+02
    1.6779077148437500e+02 1.4736764526367188e+02 1.8624560546875000e+02
    1.4156393432617188e+02 2.0400784301757812e+02 1.3604158020019531e+02
    2.2123374938964844e+02 1.3064566040039062e+02 9.3208412170410156e+01
    1.9471264648437500e+02 1.1366440582275391e+02 1.8795996093750000e+02
    1.3361360168457031e+02 1.8135787963867188e+02 1.5279421997070312e+02
    1.7494024658203125e+02 1.7150553894042969e+02 1.6863919067382812e+02
    1.8966566467285156e+02 1.6259738159179688e+02 2.0721437072753906e+02
    1.5675410461425781e+02 2.2423802185058594e+02 1.5122900390625000e+02
    9.7791519165039062e+01 2.1677816772460938e+02 1.1816185760498047e+02
    2.0959387207031250e+02 1.3772030639648438e+02 2.0275228881835938e+02
    1.5671925354003906e+02 1.9607574462890625e+02 1.7516021728515625e+02
    1.8955422973632812e+02 1.9310423278808594e+02 1.8323208618164062e+02
    2.1036981201171875e+02 1.7718960571289062e+02 2.2717805480957031e+02
    1.7130300903320312e+02 1.0254226684570312e+02 2.3842039489746094e+02
    1.2249091339111328e+02 2.3101994323730469e+02 1.4184132385253906e+02</data></tvecs>
<rvecs type_id="opencv-matrix">
  <rows>22</rows>
  <cols>3</cols>
  <dt>d</dt>
  <data>
    1.0477635192871094e+02 3.3265490722656250e+02 1.0031958770751953e+02
    3.5656564331054688e+02 9.5842407226562500e+01 1.9908988952636719e+02
    1.4437918090820312e+02 2.2159837341308594e+02 1.4017956542968750e+02
    2.4438961791992188e+02 1.3581028747558594e+02 2.6724108886718750e+02
    1.3156147766113281e+02 2.9030886840820312e+02 1.2722823333740234e+02
    3.1352590942382812e+02 1.2284930419921875e+02 3.3677105712890625e+02
    1.1853917694091797e+02 3.6023962402343750e+02 1.1424817657470703e+02
    2.0572755432128906e+02 1.6102523803710938e+02 2.2787747192382812e+02
    1.5685572814941406e+02 2.5026147460937500e+02 1.5269970703125000e+02
    2.7262030029296875e+02 1.4856669616699219e+02 2.9524484252929688e+02
    1.4439538574218750e+02 3.1800128173828125e+02 1.4019645690917969e+02
    3.4075573730468750e+02 1.3598818969726562e+02 3.6369152832031250e+02
    1.3180749511718750e+02 2.1229652404785156e+02 1.7693649291992188e+02
    2.3397868347167969e+02 1.7302037048339844e+02 2.5592126464843750e+02
    1.6896113586425781e+02 2.7782714843750000e+02 1.6498518371582031e+02
    2.9997250366210938e+02 1.6085623168945312e+02 3.2230023193359375e+02
    1.5677439880371094e+02 3.4462277221679688e+02 1.5271989440917969e+02
    3.6702407836914062e+02 1.4867333984375000e+02 2.1849948120117188e+02
    1.9236448669433594e+02 2.3980516052246094e+02 1.8851568603515625e+02
    2.6133172607421875e+02 1.8454966735839844e+02 2.8281872558593750e+02
    1.8062425231933594e+02 3.0452835083007812e+02 1.7672656250000000e+02
    3.2642016601562500e+02 1.7276264953613281e+02 3.4831286621093750e+02</data></rvecs>
</opencv_storage>
