# SVS Engine v 4.0 Stereo Camera Parameter File



[image]
have_rect = 1 


[stereo]
frame = 1.0 


[external]
Tx = -87.840193 
Ty = 34.016742 
Tz = 35.007525 
Rx = 0.003736 
Ry = -0.039259 
Rz = -0.015607 


[left camera]
pwidth = 640 
pheight = 480 
dpx = 0.007000 
dpy = 0.007000 
sx = 1.000000 
Cx = 325.069348 
Cy = 220.749067 
f = 813.445758 
fy = 815.471465 
alpha = 0.000000 
kappa1 = -0.124934 
kappa2 = 0.254406 
kappa3 = -0.521398 
tau1 = 0.000837 
tau2 = 0.000912 
proj = 
  8.150000e+02 0.000000e+00 7.436409e+02 0.000000e+00 
  0.000000e+00 8.150000e+02 3.336568e+02 0.000000e+00 
  0.000000e+00 0.000000e+00 1.000000e+00 0.000000e+00 
rect = 
  8.210837e-01 -3.759070e-01 -4.295527e-01 
  3.725671e-01 9.230649e-01 -9.562931e-02 
  4.324528e-01 -8.151755e-02 8.979641e-01 


[right camera]
pwidth = 640 
pheight = 480 
dpx = 0.007000 
dpy = 0.007000 
sx = 1.000000 
Cx = 299.901428 
Cy = 270.913543 
f = 522.149103 
fy = 522.829838 
alpha = 0.000000 
kappa1 = 0.286190 
kappa2 = -1.155716 
kappa3 = 1.905775 
tau1 = -0.000299 
tau2 = 0.002191 
proj = 
  8.150000e+02 0.000000e+00 7.436409e+02 -7.158976e+04 
  0.000000e+00 8.150000e+02 3.336568e+02 0.000000e+00 
  0.000000e+00 0.000000e+00 1.000000e+00 0.000000e+00 
rect = 
  8.313847e-01 -3.872572e-01 -3.985365e-01 
  3.903252e-01 9.174336e-01 -7.721328e-02 
  3.955322e-01 -9.136491e-02 9.138964e-01 


[global]
GTx = 0.000000 
GTy = 0.000000 
GTz = 0.000000 
GRx = 0.000000 
GRy = 0.000000 
GRz = 0.000000 
