# SVS Engine v 4.0 Stereo Camera Parameter File



[image]
have_rect = 1 


[stereo]
frame = 1.0 


[external]
Tx = -119.257307 
Ty = -2.031101 
Tz = 1.031308 
Rx = 0.020368 
Ry = -0.018414 
Rz = 0.012923 


[left camera]
pwidth = 640 
pheight = 480 
dpx = 0.007000 
dpy = 0.007000 
sx = 1.000000 
Cx = 316.221583 
Cy = 235.576608 
f = 805.358998 
fy = 810.233766 
alpha = 0.000000 
kappa1 = -0.128745 
kappa2 = 0.252525 
kappa3 = -0.347554 
tau1 = -0.001476 
tau2 = -0.000541 
proj = 8.110000e+02 0.000000e+00 3.390732e+02 0.000000e+00 0.000000e+00 8.110000e+02 2.435802e+02 0.000000e+00 0.000000e+00 0.000000e+00 1.000000e+00 0.000000e+00 
rect = 9.996211e-01 3.744584e-03 -2.726943e-02 -4.019214e-03 9.999417e-01 -1.002316e-02 2.723030e-02 1.012897e-02 9.995779e-01 


[right camera]
pwidth = 640 
pheight = 480 
dpx = 0.007000 
dpy = 0.007000 
sx = 1.000000 
Cx = 296.001537 
Cy = 250.971248 
f = 805.566716 
fy = 810.571652 
alpha = 0.000000 
kappa1 = -0.111714 
kappa2 = 0.397265 
kappa3 = -2.136932 
tau1 = 0.004015 
tau2 = -0.002382 
proj = 8.110000e+02 0.000000e+00 3.390732e+02 -9.671767e+04 0.000000e+00 8.110000e+02 2.435802e+02 0.000000e+00 0.000000e+00 0.000000e+00 1.000000e+00 0.000000e+00 
rect = 9.998176e-01 1.703125e-02 -8.647752e-03 -1.694324e-02 9.998049e-01 1.015075e-02 8.818945e-03 -1.000237e-02 9.999111e-01 


[global]
GTx = 0.000000 
GTy = 0.000000 
GTz = 0.000000 
GRx = 0.000000 
GRy = 0.000000 
GRz = 0.000000 
