<?xml version="1.0"?>
<opencv_storage>
<tvec type_id="opencv-matrix">
  <rows>3</rows>
  <cols>1</cols>
  <dt>d</dt>
  <data>
    -7.5170115905280374e-02 3.1781575658278625e-02
    3.4416393870494021e-02</data></tvec>
<rmat type_id="opencv-matrix">
  <rows>3</rows>
  <cols>3</cols>
  <dt>d</dt>
  <data>
    9.9719178639001826e-01 1.6274082881959556e-02
    -7.3100584010220612e-02 -1.7581260548886920e-02
    9.9969620554022465e-01 -1.7274139804604776e-02
    7.2797255674897268e-02 1.8510830743864243e-02 9.9717496394132144e-01</data></rmat>
</opencv_storage>
