# SVS Engine v 4.0 Stereo Camera Parameter File



[image]
have_rect = 1 


[stereo]
frame = 1.0 


[external]
Tx = -119.286902 
Ty = -1.605230 
Tz = 1.039161 
Rx = -0.000478 
Ry = 0.016498 
Rz = -0.005170 


[left camera]
pwidth = 640 
pheight = 480 
dpx = 0.007000 
dpy = 0.007000 
sx = 1.000000 
Cx = 307.764166 
Cy = 257.801978 
f = 812.514253 
fy = 812.514253 
alpha = 0.000000 
kappa1 = -0.052326 
kappa2 = -0.437755 
kappa3 = 1.271509 
tau1 = 0.000495 
tau2 = -0.001089 
proj = 8.150000e+02 0.000000e+00 3.012086e+02 0.000000e+00 0.000000e+00 8.150000e+02 2.570070e+02 0.000000e+00 0.000000e+00 0.000000e+00 1.000000e+00 0.000000e+00 
rect = 9.997962e-01 1.862651e-02 7.792031e-03 -1.862785e-02 9.998265e-01 9.942574e-05 -7.788827e-03 -2.445542e-04 9.999697e-01 


[right camera]
pwidth = 640 
pheight = 480 
dpx = 0.007000 
dpy = 0.007000 
sx = 1.000000 
Cx = 325.848973 
Cy = 255.606750 
f = 814.606353 
fy = 814.606353 
alpha = 0.000000 
kappa1 = -0.129726 
kappa2 = 1.468918 
kappa3 = -14.199218 
tau1 = 0.000206 
tau2 = 0.003172 
proj = 8.150000e+02 0.000000e+00 3.012086e+02 -9.721883e+04 0.000000e+00 8.150000e+02 2.570070e+02 0.000000e+00 0.000000e+00 0.000000e+00 1.000000e+00 0.000000e+00 
rect = 9.998715e-01 1.345688e-02 -8.711440e-03 -1.345838e-02 9.999094e-01 -1.133796e-04 8.709125e-03 2.306069e-04 9.999620e-01 


[global]
GTx =  124.697
GTy =  -523.450
GTz =  602.591
GRx =  -2.310469
GRy =  -0.188254
GRz =  0.077114


