# SVS Engine v 4.0 Stereo Camera Parameter File



[image]
have_rect = 1 


[stereo]
frame = 1.0 


[external]
Tx = -160.094060 
Ty = -0.433519 
Tz = -0.649819 
Rx = 0.007091 
Ry = 0.014320 
Rz = 0.004067 


[left camera]
pwidth = 640 
pheight = 480 
dpx = 0.007000 
dpy = 0.007000 
sx = 1.000000 
Cx = 319.020971 
Cy = 236.666654 
f = 828.234040 
fy = 828.234040 
alpha = 0.000000 
kappa1 = -0.177001 
kappa2 = 0.926878 
kappa3 = -2.888979 
tau1 = 0.001165 
tau2 = 0.000901 
proj = 8.280000e+02 0.000000e+00 3.033290e+02 0.000000e+00 0.000000e+00 8.280000e+02 2.420927e+02 0.000000e+00 0.000000e+00 0.000000e+00 1.000000e+00 0.000000e+00 
rect = 9.998304e-01 -1.279608e-03 1.837283e-02 1.344995e-03 9.999928e-01 -3.546996e-03 -1.836816e-02 3.571105e-03 9.998249e-01 


[right camera]
pwidth = 640 
pheight = 480 
dpx = 0.007000 
dpy = 0.007000 
sx = 1.000000 
Cx = 309.262526 
Cy = 247.223915 
f = 826.572572 
fy = 826.572572 
alpha = 0.000000 
kappa1 = -0.111343 
kappa2 = 0.187458 
kappa3 = -0.206386 
tau1 = 0.001359 
tau2 = -0.000147 
proj = 8.280000e+02 0.000000e+00 3.033290e+02 -1.325579e+05 0.000000e+00 8.280000e+02 2.420927e+02 0.000000e+00 0.000000e+00 0.000000e+00 1.000000e+00 0.000000e+00 
rect = 9.999881e-01 2.707902e-03 4.058984e-03 -2.722332e-03 9.999900e-01 3.553687e-03 -4.049320e-03 -3.564695e-03 9.999855e-01 


[global]
GTx = 0.000000 
GTy = 0.000000 
GTz = 0.000000 
GRx = 0.000000 
GRy = 0.000000 
GRz = 0.000000 
