<?xml version="1.0"?>
<opencv_storage>
<imgsize type_id="opencv-matrix">
  <rows>2</rows>
  <cols>1</cols>
  <dt>d</dt>
  <data>
    640. 480.</data></imgsize>
<intrinsic type_id="opencv-matrix">
  <rows>3</rows>
  <cols>3</cols>
  <dt>d</dt>
  <data>
    5.0112261259766962e+02 0. 3.1598329807934181e+02 0.
    5.0358945960979912e+02 2.6898039538418982e+02 0. 0. 1.</data></intrinsic>
<distortion type_id="opencv-matrix">
  <rows>4</rows>
  <cols>1</cols>
  <dt>d</dt>
  <data>
    3.6425870569051999e-01 -2.7449809475037883e+00
    6.8470174969867941e-03 4.6480735877416548e-03</data></distortion>
<tvecs type_id="opencv-matrix">
  <rows>18</rows>
  <cols>3</cols>
  <dt>d</dt>
  <data>
    5.9287877500949585e-323 0. 5.2998088236266445e-315 0. 0.
    5.2998088236266445e-315 0. 0. 5.2998088236266445e-315 0. 0.
    5.2998088236266445e-315 1.0609978954826362e-314
    1.0609978954826362e-314 5.3315403280691794e-315
    5.3315403280691794e-315 5.3421444787884959e-315
    5.3421444787884959e-315 0. 0. 0. 0. 0. 2.8751056896358028e-269 0.
    5.9762575773473855e-317 2.4114508846717808e-269
    2.4725790690885591e-269 0. 4.9406564584124654e-323
    1.0185579799795327e-311 2.1521851400032060e-283 0. 0. 0. 0. 0.
    2.8235839518427180e-269 2.5769279689465504e-269
    1.4821969375237396e-323 3.2379086165851934e-319 0.
    3.2379086165851934e-319 0. 3.2379086165851934e-319
    1.3852389349087995e-309 5.2837695207633955e-312
    1.6821113413782304e-303 0. 0. 0. 0. 0. 0.</data></tvecs>
<rvecs type_id="opencv-matrix">
  <rows>18</rows>
  <cols>3</cols>
  <dt>d</dt>
  <data>
    2.8747474992138061e-269 2.8732455774930865e-269
    2.8693405810192157e-269 2.8729336399049371e-269
    2.8394407855328914e-269 2.8737885799613467e-269
    2.8390479752367032e-269 2.8740080915974518e-269
    2.8692250485791604e-269 2.8709811416680017e-269
    2.8388862298206257e-269 2.8223419844046997e-269
    2.8240980774935410e-269 2.8699991159275312e-269
    2.8728065542208762e-269 8.3182235013743725e-312
    5.5176634310919610e+17 4.9660439459110522e+17 4.3760212683109926e+17
    3.8661612346856698e+17 3.3462544131422976e+17 2.8655956707227814e+17
    2.6382963808890704e+17 2.2793511894310550e+17 7.7912727805747635e+17
    6.5579121066721446e+17 5.5734581507640262e+17 4.9971298903214790e+17
    4.4571872181313427e+17 3.9257465195861114e+17 3.4058561906731174e+17
    2.9202651269862842e+17 1.0439682931655190e+18 9.1440898996689088e+17
    7.8773370575986419e+17 6.6785120431529114e+17 5.6348493838242963e+17
    5.0761243042434394e+17 4.5341805208721248e+17 4.0123275637032301e+17
    1.5066181917824870e+18 1.2242229242341855e+18 1.0545236052280497e+18
    9.2537387000871578e+17 8.0058864619295949e+17 6.7998761387284864e+17
    5.7132473126946624e+17 5.1609103956565658e+17 2.1222138615879836e+18
    1.8180482638207747e+18 1.5294297603465859e+18 1.2501659017060641e+18
    1.0691674510646395e+18 9.4083905102619366e+17</data></rvecs>
</opencv_storage>
