<?xml version="1.0"?>
<opencv_storage>
<imgsize type_id="opencv-matrix">
  <rows>2</rows>
  <cols>1</cols>
  <dt>d</dt>
  <data>
    640. 480.</data></imgsize>
<intrinsic type_id="opencv-matrix">
  <rows>3</rows>
  <cols>3</cols>
  <dt>d</dt>
  <data>
    8.1085063535197594e+02 0. 3.1495290420704220e+02 0.
    8.1348174501043991e+02 2.3971055915995501e+02 0. 0. 1.</data></intrinsic>
<distortion type_id="opencv-matrix">
  <rows>4</rows>
  <cols>1</cols>
  <dt>d</dt>
  <data>
    -1.2509597601856323e-01 1.3901092639149443e-01
    -2.8894582028983168e-03 1.6724222031404183e-03</data></distortion>
<tvecs type_id="opencv-matrix">
  <rows>21</rows>
  <cols>3</cols>
  <dt>d</dt>
  <data>
    2.4859180444430788e-267 2.4665455648899806e-267
    2.4673737014205384e-267 2.1219957919534036e-314 0.
    2.6932246347615945e+21 2.4852082131311171e-267
    2.4853265183500092e-267 2.4666490200053982e-267
    7.1116417751264704e-316 2.1219957929415349e-314
    2.1219957914593380e-314 2.2505027769925656e+21
    2.4854448235684055e-267 2.4863912653176144e-267
    2.4667525990226080e-267 2.4675807355531658e-267
    2.1219957929415349e-314 6.3659873733898826e-314
    1.6417602225601504e+21 2.4856814340056940e-267
    2.4866278757549028e-267 2.4668561160889217e-267
    2.4676842526194795e-267 2.1219957929415349e-314
    1.0609978955320427e-313 2.5456506821719186e+21
    2.4859180444429824e-267 2.4868644861921913e-267
    2.4669596331552354e-267 2.4677877696857932e-267
    2.1219957919534036e-314 0. 2.5087571940244990e+21
    2.4861546548802709e-267 2.4862729600991217e-267 0.
    2.4669596331554764e-267 2.1219957929415349e-314
    9.8813129168249309e-324 1.6823430595223113e+22
    7.3358105707964996e-311 1.3540798248255162e-303
    2.4676251000101333e-267 2.4679948038184206e-267
    2.1219957929415349e-314 4.2439915829186759e-314
    1.2101064112353468e+22 2.4866278757548478e-267
    2.4875743175040566e-267 2.4672701843541765e-267
    2.4680983208847343e-267 2.1219957929415349e-314
    8.4879831648492206e-314 1.0625324586456704e+22
    2.4868644861921362e-267 2.4878109279413451e-267
    2.4673737014204902e-267 2.4682018379510480e-267
    2.1219957929415349e-314 1.2731974746779765e-313
    1.4240886424903776e+22 2.4871010966294246e-267</data></tvecs>
<rvecs type_id="opencv-matrix">
  <rows>21</rows>
  <cols>3</cols>
  <dt>d</dt>
  <data>
    -2.3534379293677293e-185 5.2821945977880272e-315 2. 0. 10. 0. 0. 0.
    0. 5.3166459484328875e-315 0. 0. 5.3166459484328875e-315 0. 0. 0. 0.
    4.9406564584124654e-324 0. 0. 0. 0. 0. 2.6948342278178535e-316 0. 0.
    1. 0. 0. 1. 0. 0. 1. 0. 0. 1. 0. 0. 1. 0. 0. 1. 0. 0. 0. 0. 0.
    2.4852081511758895e-267 7.1116190481067617e-316
    5.7293886356062353e-313 0. 2.4668339338604380e-267
    5.1650967959262095e+20 2.4844983818192518e-267
    2.4854448235684606e-267 7.1116058071474532e-316
    3.4766779039175022e-309 3.4766779039175022e-309
    6.0710786560972375e-319 6.0710786560972375e-319
    2.4847349303014228e-267 2.4856814340057491e-267
    2.4664420478236670e-267</data></rvecs>
</opencv_storage>
