<?xml version="1.0"?>
<opencv_storage>
<imgsize type_id="opencv-matrix">
  <rows>2</rows>
  <cols>1</cols>
  <dt>d</dt>
  <data>
    640. 480.</data></imgsize>
<intrinsic type_id="opencv-matrix">
  <rows>3</rows>
  <cols>3</cols>
  <dt>d</dt>
  <data>
    4.9835251482674175e+02 0. 3.0607530204214947e+02 0.
    5.0079276034593875e+02 2.6666471298122241e+02 0. 0. 1.</data></intrinsic>
<distortion type_id="opencv-matrix">
  <rows>4</rows>
  <cols>1</cols>
  <dt>d</dt>
  <data>
    1.4585791360368289e-01 -4.9193341545800245e-01
    3.7838815826054216e-03 -3.4486341913301309e-03</data></distortion>
<tvecs type_id="opencv-matrix">
  <rows>21</rows>
  <cols>3</cols>
  <dt>d</dt>
  <data>
    1.9762625833649862e-323 .Nan 1.4861878770322640e+17
    1.7146212450388389e-266 1.7153783984382060e-266
    1.7064700154742437e-266 1.7070497110456390e-266
    1.9762625833649862e-323 0. 3.3326637242541677e+17
    1.7148105333886697e-266 1.7155676867880368e-266
    1.7061387608621363e-266 1.7071325246986899e-266
    9.8813129168249309e-324 0. 1.8014398509481984e+18
    1.7149998217385004e-266 1.7150944659136141e-266
    1.7065527785455725e-266 7.2581488397241003e-316
    1.9762625833649862e-323 .Nan 1.5132094747964869e+18
    1.7151891100883312e-266 1.7159462634876983e-266
    1.7066356427803456e-266 1.7072981520047918e-266
    1.9762625833649862e-323 .Nan 1.4771806777775229e+18
    1.7153783984381619e-266 1.7161355518375290e-266
    1.7067184564333966e-266 1.7073809656578428e-266
    1.9762625833649862e-323 .Nan 1.5132094747964869e+18
    1.7155676867879927e-266 1.7163248401873598e-266
    1.7068012700864475e-266 7.5734755595264572e-311
    1.2743331777180506e-303 1.7072035078298572e-266
    1.8014398509481984e+18 1.7157569751378234e-266
    1.7165141285369922e-266 7.2581322391184000e-316
    1.7075465423819526e-266 1.9762625833649862e-323 .Nan
    9.7998327891582013e+18 1.7159462634876542e-266
    1.7167034168870213e-266 1.7069668973925494e-266
    1.7076294066169957e-266 1.9762625833649862e-323 .Nan
    3.5308221078584694e+18 1.7161355518374850e-266
    1.7168927052368521e-266 1.7070497110456004e-266
    1.7077122202700466e-266</data></tvecs>
<rvecs type_id="opencv-matrix">
  <rows>21</rows>
  <cols>3</cols>
  <dt>d</dt>
  <data>
    -2.3534379293677293e-185 5.2821945977880272e-315 2. 0. 10. 0. 0. 0.
    0. 5.3166459484328875e-315 0. 0. 5.3166459484328875e-315 0. 0. 0. 0.
    4.9406564584124654e-324 0. 0. 0. 0. 0. 7.1364353726185925e-316 0. 0.
    1. 0. 0. 1. 0. 0. 1. 0. 0. 1. 0. 0. 1. 0. 0. 1. 0. 0. 0. 0. 0. 0.
    7.2581217649267082e-316 5.7293886356062353e-313 0.
    1.7065705749101009e-266 6.3743089245212462e-314
    1.7067184564334351e-266 1.9762625833649862e-323 0.
    3.4766779039175022e-309 3.4766779039175022e-309
    6.0710786560972375e-319 6.0710786560972375e-319
    1.7068840331576992e-266 1.9762625833649862e-323 .Nan</data></rvecs>
</opencv_storage>
