<?xml version="1.0"?>
<opencv_storage>
<imgsize type_id="opencv-matrix">
  <rows>2</rows>
  <cols>1</cols>
  <dt>d</dt>
  <data>
    640. 480.</data></imgsize>
<intrinsic type_id="opencv-matrix">
  <rows>3</rows>
  <cols>3</cols>
  <dt>d</dt>
  <data>
    8.1240450639730489e+02 0. 3.0714465480045658e+02 0.
    8.1456362200778494e+02 2.4349475359478376e+02 0. 0. 1.</data></intrinsic>
<distortion type_id="opencv-matrix">
  <rows>4</rows>
  <cols>1</cols>
  <dt>d</dt>
  <data>
    -1.1995821705861986e-01 2.0538924449459353e-01
    -1.9950212658172762e-03 -6.5822624740372309e-04</data></distortion>
<tvecs type_id="opencv-matrix">
  <rows>19</rows>
  <cols>3</cols>
  <dt>d</dt>
  <data>
    4194304. 3.3117890512445854e-265 3.3119404819244500e-265 0. 0. .Nan
    0. 50331648. 3.3120919126043146e-265 3.3122433432841792e-265 0. 0.
    .Nan 0. 67108864. 3.3123947739640438e-265 3.3125462046439084e-265 0.
    0. .Nan 0. 805306368. 3.3126976353237731e-265
    3.3128490660036377e-265 0. 0. .Nan 0. 2.8147497671065600e+15
    3.3130004966835023e-265 3.3131519273633669e-265 0. 0.
    4.9406564584124654e-324 0. 5.3322619588066673e+18
    3.3133033580432315e-265 3.3140605114424135e-265 0.
    3.2924626273546020e-265 9.8813129168249309e-324 0.
    2.8823037615171174e+18 3.3136062194029607e-265
    3.3149690955215306e-265 0. 3.2928602162614349e-265
    1.9762625833649862e-323 0. 9.7998327891582013e+18
    3.3155748182409890e-265 3.3140605114425545e-265
    3.2931252199511980e-265 3.2921977070371506e-265
    9.8813129168249309e-324 0. 3.0264189495929733e+18</data></tvecs>
<rvecs type_id="opencv-matrix">
  <rows>19</rows>
  <cols>3</cols>
  <dt>d</dt>
  <data>
    -2.3534379293677293e-185 5.2821945977880272e-315 2. 0. 10. 0. 0. 0.
    0. 5.3166459484328875e-315 0. 0. 5.3166459484328875e-315 0. 0. 0. 0.
    4.9406564584124654e-324 0. 0. 0. 0. 0. 3.8683737320414495e-316 0. 0.
    1. 0. 0. 1. 0. 0. 1. 0. 0. 1. 0. 0. 1. 0. 0. 1. 0. 0. 0. 0. 0.
    6.3120093119867631e-265 7.4738023677197959e-316
    5.7293886356062353e-313 0. 3.1354007024547976e-265
    6.2026148609939740e-265 6.3145080860408235e-265
    6.3149245204104512e-265 7.5260745130497998e-316
    3.4766779039175022e-309</data></rvecs>
</opencv_storage>
