<?xml version="1.0"?>
<opencv_storage>
<imgsize type_id="opencv-matrix">
  <rows>2</rows>
  <cols>1</cols>
  <dt>d</dt>
  <data>
    640. 480.</data></imgsize>
<intrinsic type_id="opencv-matrix">
  <rows>3</rows>
  <cols>3</cols>
  <dt>d</dt>
  <data>
    8.0117171467735898e+02 0. 3.0984691799215398e+02 0.
    8.0283005913885643e+02 2.4098866751613176e+02 0. 0. 1.</data></intrinsic>
<distortion type_id="opencv-matrix">
  <rows>4</rows>
  <cols>1</cols>
  <dt>d</dt>
  <data>
    -1.4434404389027178e-01 2.6861929494052850e-01
    -3.4189124027184910e-03 8.7720773528918270e-04</data></distortion>
<tvecs type_id="opencv-matrix">
  <rows>20</rows>
  <cols>3</cols>
  <dt>d</dt>
  <data>
    1. 0. 0. 1. 0. 0. 6.3659873733898826e-314 8.1960784313725488e-01
    7.6078431372549016e-01 7.1372549019607845e-01 1. .Nan
    9.6274949056331334e-311 1.5233745722753679e-303
    1.0317398422589200e-267 0. 134217728. 1.0361023471964463e-267
    1.0361614998057409e-267 7.0490381242631510e-316 0.
    4.9406564584124654e-324 0. 1073741824. 1.0362206524150630e-267
    1.0362798050243851e-267 7.0490353574955343e-316 0. .Nan 0.
    134217728. 1.0363389576337072e-267 1.0363981102430293e-267 0. 0.
    .Nan 0. 4.2949672960000000e+10 1.0364572628523515e-267
    1.0365164154616736e-267 0. 0. 2.1219957914593380e-314 0.
    5.1341035752023654e+17 1.0368713311175374e-267
    1.0366347206803178e-267 1.0320651509072401e-267 0.
    2.1219957919534036e-314 0. 3.6028797018963968e+17
    1.0372262467734563e-267 1.0367530258989620e-267
    1.0322204572096260e-267 0. 2.1219957929415349e-314 0.
    9.3674872249306330e+17 1.0374628572107447e-267</data></tvecs>
<rvecs type_id="opencv-matrix">
  <rows>20</rows>
  <cols>3</cols>
  <dt>d</dt>
  <data>
    -2.3534379293677293e-185 5.2821945977880272e-315 2. 0. 10. 0. 0. 0.
    0. 5.3166459484328875e-315 0. 0. 5.3166459484328875e-315 0. 0. 0. 0.
    4.9406564584124654e-324 0. 0. 0. 0. 0. 4.5380137078089748e-316 0. 0.
    1. 0. 0. 1. 0. 0. 1. 0. 0. 1. 0. 0. 1. 0. 0. 1. 0. 0. 0. 0. 0. 0.
    7.0457138529716728e-316 5.7293886356062353e-313 0.
    9.6967026988960605e-268 6.3743089245212462e-314 0. 0. 0.
    3.4766779039175022e-309 3.4766779039175022e-309
    6.0710786560972375e-319 6.0710786560972375e-319</data></rvecs>
</opencv_storage>
