<?xml version="1.0"?>
<opencv_storage>
<tvec type_id="opencv-matrix">
  <rows>3</rows>
  <cols>1</cols>
  <dt>d</dt>
  <data>
    2.7385002358393740e-01 -2.4295331115138898e-02
    1.3569789973126840e+00</data></tvec>
<rvec type_id="opencv-matrix">
  <rows>3</rows>
  <cols>1</cols>
  <dt>d</dt>
  <data>
    -2.0232355092288326e+00 1.9748288452158549e+00
    -4.6184460978790792e-01</data></rvec>
<rmat type_id="opencv-matrix">
  <rows>3</rows>
  <cols>3</cols>
  <dt>d</dt>
  <data>
    1.6677031288094148e-02 -9.1111853856725977e-01
    4.1180685437044001e-01 -9.9924946567482098e-01
    -2.9589407645103098e-02 -2.4999446069798176e-02
    3.4962579653120093e-02 -4.1108086264659993e-01
    -9.1092817630685163e-01</data></rmat>
</opencv_storage>
