<?xml version="1.0"?>
<opencv_storage>
<tvec type_id="opencv-matrix">
  <rows>3</rows>
  <cols>1</cols>
  <dt>d</dt>
  <data>
    2.0589733166205415e-01 2.8521341645844859e-02 1.3518452634829161e+00</data></tvec>
<rvec type_id="opencv-matrix">
  <rows>3</rows>
  <cols>1</cols>
  <dt>d</dt>
  <data>
    -1.9808632153817265e+00 1.9525920623418527e+00
    -6.1535817564960338e-01</data></rvec>
<rmat type_id="opencv-matrix">
  <rows>3</rows>
  <cols>3</cols>
  <dt>d</dt>
  <data>
    -1.0963377836627755e-02 -8.7057417457684183e-01
    4.9191504439919503e-01 -9.9530965542677230e-01
    -3.7786315295004133e-02 -8.9055511848882413e-02
    9.6117085685382950e-02 -4.9058414256504174e-01
    -8.6607661606988995e-01</data></rmat>
</opencv_storage>
