<?xml version="1.0"?>
<opencv_storage>
<tvec type_id="opencv-matrix">
  <rows>3</rows>
  <cols>1</cols>
  <dt>d</dt>
  <data>
    2.6686711853022371e-01 -3.0110560681507321e-02
    1.3675462013774933e+00</data></tvec>
<rvec type_id="opencv-matrix">
  <rows>3</rows>
  <cols>1</cols>
  <dt>d</dt>
  <data>
    -2.0363741423179307e+00 1.9575222563731636e+00
    -4.5336898611140664e-01</data></rvec>
<rmat type_id="opencv-matrix">
  <rows>3</rows>
  <cols>3</cols>
  <dt>d</dt>
  <data>
    3.2683367253071964e-02 -9.1113820377917309e-01
    4.1080283728214800e-01 -9.9896658714714448e-01
    -4.2768813432812601e-02 -1.5381364085666743e-02
    3.1584098350078180e-02 -4.0987559357884606e-01
    -9.1159445068506273e-01</data></rmat>
</opencv_storage>
