<?xml version="1.0"?>
<opencv_storage>
<tvec type_id="opencv-matrix">
  <rows>3</rows>
  <cols>1</cols>
  <dt>d</dt>
  <data>
    2.0377696559955399e-01 3.6296243995578716e-02 1.3505806124420199e+00</data></tvec>
<rvec type_id="opencv-matrix">
  <rows>3</rows>
  <cols>1</cols>
  <dt>d</dt>
  <data>
    -2.0075617131066990e+00 1.8918273313357974e+00
    -4.6285887262836883e-01</data></rvec>
<rmat type_id="opencv-matrix">
  <rows>3</rows>
  <cols>3</cols>
  <dt>d</dt>
  <data>
    5.8792910658370043e-02 -8.8648414300263234e-01
    4.5900899540336398e-01 -9.9826795210554098e-01
    -5.3185114075726438e-02 2.5148348648796282e-02
    2.1188334824528620e-03 -4.5969251445465209e-01
    -8.8807561766948262e-01</data></rmat>
</opencv_storage>
