<?xml version="1.0"?>
<opencv_storage>
<tvec type_id="opencv-matrix">
  <rows>3</rows>
  <cols>1</cols>
  <dt>d</dt>
  <data>
    2.0491621252617134e-01 3.0328954783769988e-02 1.3485548979195126e+00</data></tvec>
<rvec type_id="opencv-matrix">
  <rows>3</rows>
  <cols>1</cols>
  <dt>d</dt>
  <data>
    -2.0083944439922639e+00 1.9679527338495773e+00
    -5.8688595681107614e-01</data></rvec>
<rmat type_id="opencv-matrix">
  <rows>3</rows>
  <cols>3</cols>
  <dt>d</dt>
  <data>
    -3.8529557063891468e-03 -8.8647996959043007e-01
    4.6275092463146389e-01 -9.9514058129917171e-01
    -4.2131215490228351e-02 -8.8995416358723503e-02
    9.8388912911319501e-02 -4.6084511953178592e-01
    -8.8200986254115243e-01</data></rmat>
</opencv_storage>
