# SVS Engine v 4.0 Stereo Camera Parameter File



[image]
have_rect = 1 


[stereo]
frame = 1.0 


[external]
Tx = -119.675604 
Ty = -0.416585 
Tz = 3.732136 
Rx = 0.000973 
Ry = 0.005862 
Rz = -0.009690 


[left camera]
pwidth = 640 
pheight = 480 
dpx = 0.007000 
dpy = 0.007000 
sx = 1.000000 
Cx = 316.493370 
Cy = 237.362892 
f = 812.568789 
fy = 812.988863 
alpha = 0.000000 
kappa1 = -0.069243 
kappa2 = -0.623684 
kappa3 = 4.770829 
tau1 = -0.000040 
tau2 = -0.002033 
proj = 8.180000e+02 0.000000e+00 3.377092e+02 0.000000e+00 0.000000e+00 8.180000e+02 2.423738e+02 0.000000e+00 0.000000e+00 0.000000e+00 1.000000e+00 0.000000e+00 
rect = 9.995927e-01 1.313893e-02 -2.533381e-02 -1.315331e-02 9.999134e-01 -4.007481e-04 2.532635e-02 7.338083e-04 9.996790e-01 


[right camera]
pwidth = 640 
pheight = 480 
dpx = 0.007000 
dpy = 0.007000 
sx = 1.000000 
Cx = 322.444848 
Cy = 247.515957 
f = 817.081423 
fy = 817.683182 
alpha = 0.000000 
kappa1 = -0.081492 
kappa2 = -0.146815 
kappa3 = 0.847815 
tau1 = -0.000214 
tau2 = 0.000234 
proj = 8.180000e+02 0.000000e+00 3.377092e+02 -9.789464e+04 0.000000e+00 8.180000e+02 2.423738e+02 0.000000e+00 0.000000e+00 0.000000e+00 1.000000e+00 0.000000e+00 
rect = 9.995075e-01 3.480953e-03 -3.118543e-02 -3.463258e-03 9.999938e-01 6.214207e-04 3.118740e-02 -5.131115e-04 9.995134e-01 


[global]
GTx = 0.000000 
GTy = 0.000000 
GTz = 0.000000 
GRx = 0.000000 
GRy = 0.000000 
GRz = 0.000000 
