# SVS Engine v 4.0 Stereo Camera Parameter File



[image]
have_rect = 1 


[stereo]
frame = 1.0 


[external]
Tx = -120.0 
Ty = 0.0 
Tz = 0.0 
Rx = 0.0 
Ry = 0.0 
Rz = 0.0


[left camera]
pwidth = 640 
pheight = 480 
dpx = 0.007000 
dpy = 0.007000 
sx = 1.000000 
Cx = 320.00 
Cy = 240.00 
f =  772.55 
fy = 772.55 
alpha = 0. 
kappa1 = 0. 
kappa2 = 0. 
kappa3 = 0. 
tau1 = 0. 
tau2 = 0. 
proj = 772.55    0.  320.   0.       0.  772.55  240.   0.       0.    0.    1.   0. 
rect = 1. 0. 0.    0. 1. 0.    0. 0. 1.


[right camera]
pwidth = 640 
pheight = 480 
dpx = 0.007000 
dpy = 0.007000 
sx = 1.000000 
Cx = 320.00 
Cy = 240.00 
f =  772.55 
fy = 772.55 
alpha = 0. 
kappa1 = 0. 
kappa2 = 0. 
kappa3 = 0. 
tau1 = 0. 
tau2 = 0. 
proj = 7.7255e+02 0.000000e+00 3.200000e+02 -9.270600e+04 0.000000e+00 7.7255e+02 2.400000e+02 0.000000e+00 0.000000e+00 0.000000e+00 1.000000e+00 0.000000e+00 
rect = 1. 0. 0.    0. 1. 0.    0. 0. 1.


[global]
GTx = 0.000000 
GTy = 0.000000 
GTz = 0.000000 
GRx = 0.000000 
GRy = 0.000000 
GRz = 0.000000 
