<?xml version="1.0"?>
<opencv_storage>
<imgsize type_id="opencv-matrix">
  <rows>2</rows>
  <cols>1</cols>
  <dt>d</dt>
  <data>
    640. 480.</data></imgsize>
<intrinsic type_id="opencv-matrix">
  <rows>3</rows>
  <cols>3</cols>
  <dt>d</dt>
  <data>
    5.3990768722565520e+02 0. 3.1625083260838977e+02 0.
    5.4214312233496105e+02 2.7574653475704105e+02 0. 0. 1.</data></intrinsic>
<distortion type_id="opencv-matrix">
  <rows>4</rows>
  <cols>1</cols>
  <dt>d</dt>
  <data>
    3.1155469365481842e-01 -5.8129773680182661e-01
    2.1290899830617934e-02 1.0433546047484486e-03</data></distortion>
<tvecs type_id="opencv-matrix">
  <rows>25</rows>
  <cols>3</cols>
  <dt>d</dt>
  <data>
    0. 0. 0. 0. 0. 0. 0. 0. 0. 0. 0. 1. 0. 0. 1. 0. 0. 0. 0. 1. 0. .Nan
    1. 0. 0. 1. 2. 511. 0. 0. 1. 0. 1.1125844626328154e-307 1. 0. 0. 1.
    2. 511. 0. 0. 1. 0. 0. 0. 0. 0. 0. 1. 0. 0. 0. 0. 0. 0. 0. 0. 0. 1.
    2. 511. 0. 0. 1. 0. 1.1125844626328154e-307 0. 0. 0. 0. 0. 0. 0. 0.
    0.</data></tvecs>
<rvecs type_id="opencv-matrix">
  <rows>25</rows>
  <cols>3</cols>
  <dt>d</dt>
  <data>
    0. 0. 0. 0. 0. 0. 0. 0. 0. 0. 0. 1. 0. 0. 1. 0. 0. 0. 0. 1. 0. .Nan
    1. 0. 0. 1. 2. 511. 0. 0. 1. 0. 1.1125844626328154e-307 1. 0. 0. 1.
    2. 511. 0. 0. 1. 0. 0. 0. 0. 0. 0. 1. 0. 0. 0. 0. 0. 0. 0. 0. 0.
    1.0000000000000142e+00 0. 0. 2. 0. 0. 0. 0. 0. 0. 0. 0. 0. 0.
    2.0335611919776396e-307 0. 0.</data></rvecs>
</opencv_storage>
