<?xml version="1.0"?>
<opencv_storage>
<tvec type_id="opencv-matrix">
  <rows>3</rows>
  <cols>1</cols>
  <dt>d</dt>
  <data>
    1.0156870714864707e-01 -5.6256201778333015e-02
    1.4695780305942161e+00</data></tvec>
<rvec type_id="opencv-matrix">
  <rows>3</rows>
  <cols>1</cols>
  <dt>d</dt>
  <data>
    -1.5862632360005160e+00 1.7053426071255020e+00
    -8.7815425195171037e-01</data></rvec>
<rmat type_id="opencv-matrix">
  <rows>3</rows>
  <cols>3</cols>
  <dt>d</dt>
  <data>
    -6.5734182456609336e-02 -5.6933468732023351e-01
    8.1947363049138633e-01 -9.9775874919857654e-01
    4.7798879610271849e-02 -4.6826760572290460e-02
    -1.2509822319005937e-02 -8.2071510338361309e-01
    -5.7120068576952210e-01</data></rmat>
</opencv_storage>
