# SVS Engine v 4.0 Stereo Camera Parameter File



[image]
have_rect = 1 


[stereo]
frame = 1.0 


[external]
Tx = -125.019306 
Ty = -1.728229 
Tz = -12.480338 
Rx = 0.090439 
Ry = -0.000402 
Rz = -0.011413 


[left camera]
pwidth = 640 
pheight = 480 
dpx = 0.007000 
dpy = 0.007000 
sx = 1.000000 
Cx = 306.104593 
Cy = 169.242766 
f = 843.579044 
fy = 844.367355 
alpha = 0.000000 
kappa1 = 0.036672 
kappa2 = -0.305988 
kappa3 = -3.260075 
tau1 = -0.022383 
tau2 = -0.013696 
proj = 8.440000e+02 0.000000e+00 2.164562e+02 0.000000e+00 0.000000e+00 8.440000e+02 2.102315e+02 0.000000e+00 0.000000e+00 0.000000e+00 1.000000e+00 0.000000e+00 
rect = 9.946747e-01 3.410329e-02 9.725846e-02 -2.969991e-02 9.984828e-01 -4.636917e-02 -9.869225e-02 4.323367e-02 9.941784e-01 


[right camera]
pwidth = 640 
pheight = 480 
dpx = 0.007000 
dpy = 0.007000 
sx = 1.000000 
Cx = 377.536893 
Cy = 251.472197 
f = 825.778243 
fy = 815.536535 
alpha = 0.000000 
kappa1 = 0.053709 
kappa2 = -1.248967 
kappa3 = 4.365739 
tau1 = 0.003988 
tau2 = 0.023554 
proj = 8.440000e+02 0.000000e+00 2.164562e+02 -1.055163e+05 0.000000e+00 8.440000e+02 2.102315e+02 0.000000e+00 0.000000e+00 0.000000e+00 1.000000e+00 0.000000e+00 
rect = 9.949088e-01 1.382369e-02 9.982728e-02 -1.829382e-02 9.988639e-01 4.400295e-02 -9.910559e-02 -4.560514e-02 9.940313e-01 


[global]
GTx = 0.000000 
GTy = 0.000000 
GTz = 0.000000 
GRx = 0.000000 
GRy = 0.000000 
GRz = 0.000000 
