<?xml version="1.0"?>
<opencv_storage>
<imgsize type_id="opencv-matrix">
  <rows>2</rows>
  <cols>1</cols>
  <dt>d</dt>
  <data>
    640. 480.</data></imgsize>
<intrinsic type_id="opencv-matrix">
  <rows>3</rows>
  <cols>3</cols>
  <dt>d</dt>
  <data>
    8.1335359541934190e+02 0. 3.2236574042568867e+02 0.
    8.1339906287048768e+02 2.2919941508661094e+02 0. 0. 1.</data></intrinsic>
<distortion type_id="opencv-matrix">
  <rows>4</rows>
  <cols>1</cols>
  <dt>d</dt>
  <data>
    -1.3474272894882391e-01 2.5785222719475043e-01
    -1.4452072007642540e-03 -4.8015959950819582e-04</data></distortion>
<tvecs type_id="opencv-matrix">
  <rows>22</rows>
  <cols>3</cols>
  <dt>d</dt>
  <data>
    1.4180088806152344e+02 2.8402761840820312e+02 1.3607742309570312e+02
    3.0094909667968750e+02 1.3054591369628906e+02 3.1731362915039062e+02
    1.2520251464843750e+02 3.3312673950195312e+02 1.2011778259277344e+02
    2.1408726501464844e+02 1.8277391052246094e+02 2.3311410522460938e+02
    1.7620718383789062e+02 2.5150132751464844e+02 1.6972802734375000e+02
    2.6928375244140625e+02 1.6354835510253906e+02 2.8648501586914062e+02
    1.5750708007812500e+02 3.0322784423828125e+02 1.5165232849121094e+02
    3.1935623168945312e+02 1.4608715820312500e+02 3.3489895629882812e+02
    1.4064144897460938e+02 2.1742234802246094e+02 2.0494969177246094e+02
    2.3621237182617188e+02 1.9804309082031250e+02 2.5437162780761719e+02
    1.9133239746093750e+02 2.7181982421875000e+02 1.8480706787109375e+02
    2.8883776855468750e+02 1.7852008056640625e+02 3.0544921875000000e+02
    1.7238427734375000e+02 3.2135021972656250e+02 1.6649372863769531e+02
    3.3675070190429688e+02 1.6082737731933594e+02 2.2067051696777344e+02
    2.2669505310058594e+02 2.3923316955566406e+02 2.1950679016113281e+02
    2.5721087646484375e+02 2.1248249816894531e+02 2.7445849609375000e+02
    2.0570498657226562e+02 2.9130535888671875e+02 1.9914389038085938e+02
    3.0756311035156250e+02 1.9272962951660156e+02 3.2331802368164062e+02
    1.8659559631347656e+02 3.3856652832031250e+02 1.8064343261718750e+02
    2.2389012145996094e+02 2.4812286376953125e+02 2.4223220825195312e+02
    2.4053953552246094e+02 2.5987966918945312e+02 2.3325952148437500e+02
    2.7702120971679688e+02 2.2616976928710938e+02 2.9358544921875000e+02</data></tvecs>
<rvecs type_id="opencv-matrix">
  <rows>22</rows>
  <cols>3</cols>
  <dt>d</dt>
  <data>
    1.0464185333251953e+02 3.2340670776367188e+02 1.4942909240722656e+02
    3.4597894287109375e+02 1.4557489013671875e+02 3.6874813842773438e+02
    1.4175059509277344e+02 3.9158847045898438e+02 1.3787882995605469e+02
    4.1452099609375000e+02 1.3401625061035156e+02 4.3760549926757812e+02
    1.3009193420410156e+02 4.6067620849609375e+02 1.2620407867431641e+02
    4.8382873535156250e+02 1.2234973907470703e+02 3.2766403198242188e+02
    1.6558329772949219e+02 3.4981320190429688e+02 1.6189549255371094e+02
    3.7223876953125000e+02 1.5814080810546875e+02 3.9453195190429688e+02
    1.5438958740234375e+02 4.1695812988281250e+02 1.5058152770996094e+02
    4.3958538818359375e+02 1.4680793762207031e+02 4.6224923706054688e+02
    1.4305793762207031e+02 4.8484503173828125e+02 1.3929763793945312e+02
    3.3175741577148438e+02 1.8115983581542969e+02 3.5354846191406250e+02
    1.7752146911621094e+02 3.7545663452148438e+02 1.7380578613281250e+02
    3.9734347534179688e+02 1.7017541503906250e+02 4.1934231567382812e+02
    1.6652940368652344e+02 4.4150875854492188e+02 1.6287947082519531e+02
    4.6361621093750000e+02 1.5925050354003906e+02 4.8583920288085938e+02
    1.5554797363281250e+02 2.0733514404296875e+02 1.3684884643554688e+02
    2.2672845458984375e+02 1.3100688171386719e+02 2.4564860534667969e+02
    1.2522808074951172e+02 2.6379943847656250e+02 1.1961222839355469e+02
    2.8155886840820312e+02 1.1422809600830078e+02 2.9866741943359375e+02
    1.0887615203857422e+02 3.1524356079101562e+02 1.0388327026367188e+02
    3.3123400878906250e+02 9.9108261108398438e+01 2.1070172119140625e+02</data></rvecs>
</opencv_storage>
