<?xml version="1.0"?>
<opencv_storage>
<imgsize type_id="opencv-matrix">
  <rows>2</rows>
  <cols>1</cols>
  <dt>d</dt>
  <data>
    640. 480.</data></imgsize>
<intrinsic type_id="opencv-matrix">
  <rows>3</rows>
  <cols>3</cols>
  <dt>d</dt>
  <data>
    8.1539148347777984e+02 0. 3.1884575767456136e+02 0.
    8.1491480410246254e+02 2.4137315488925856e+02 0. 0. 1.</data></intrinsic>
<distortion type_id="opencv-matrix">
  <rows>4</rows>
  <cols>1</cols>
  <dt>d</dt>
  <data>
    -1.2286987124731287e-01 2.0749358091237510e-01
    1.6663846201830874e-04 1.5972147848245937e-04</data></distortion>
<tvecs type_id="opencv-matrix">
  <rows>21</rows>
  <cols>3</cols>
  <dt>d</dt>
  <data>
    1. 0. 0. 0. 0. 0. 1.9038112468726575e-139 7.5478556934860987e-316
    5.7293886356062353e-313 0. 8.4016203601097408e-265
    2.0993410948951883e-139 2.7435629306651397e-144
    1.9029849942700821e-139 2.7464372600436946e-315
    3.4766779039175022e-309 3.4766779039175022e-309
    6.0710786560972375e-319 6.0710786560972375e-319
    6.0134693029269245e-154 6.0134700169990685e-154
    6.0134700169990685e-154 6.0134700169990685e-154
    6.0134700169990685e-154 6.0134700169990685e-154
    2.2290109525213697e-312 -5.5971970403483187e-45
    1.8010707049728718e-255 2.3448885645378209e-311
    -5.5969404549445086e-45 0. 8.4181073753791490e-265
    8.4211359889775694e-265 8.4252246173326797e-265
    8.4253760480132494e-265 8.4277989388914709e-265
    8.4312818445274049e-265 8.4314332752078336e-265
    8.4318875672468986e-265 8.4259817707329547e-265
    8.4320389979268337e-265 8.4324932899663570e-265
    8.4265874934524131e-265 8.4326447206462921e-265
    8.4337047354051328e-265 8.4246188946147726e-265
    2.0393134361191984e-311 8.1715057231163765e-265 0.
    8.4175016526608541e-265 8.4205302662571237e-265
    8.4203788355766245e-265 8.4223474344164862e-265 0. 0. 0. 0. 0. 0. 0.
    0. 0. 0.</data></tvecs>
<rvecs type_id="opencv-matrix">
  <rows>21</rows>
  <cols>3</cols>
  <dt>d</dt>
  <data>
    3.2379086165851934e-319 8.2803811720429961e-265 0.
    1.5107396474274111e-314 6.7107642374521760e-265
    6.9116369464410206e-265 0. 4.9406564584124654e-323
    1.0185579799795327e-311 8.4070453531984836e-286 0. 10. 0. 0. 0.
    8.3988565818800177e-265 7.2774177535688086e-265
    1.4821969375237396e-323 3.2379086165851934e-319 0.
    3.2379086165851934e-319 0. 3.2379086165851934e-319
    1.3852389349087995e-309 8.4879831749281597e-313 0.
    3.9372986069973556e-316 0. 0. 3.5161470256304444e-311
    -5.5986528372864656e-45 8.3995192594266502e-265 0. 10. 0. 0. 0. 0.
    5.3166459484328875e-315 0. 0. 5.3166459484328875e-315 0. 0. 0. 0.
    4.9406564584124654e-324 0. 0. 0. 0. 0. 1.4926160092758614e-314 0. 0.
    1. 0. 0. 1. 0. 0. 1. 0.</data></rvecs>
</opencv_storage>
