<?xml version="1.0"?>
<opencv_storage>
<tvec type_id="opencv-matrix">
  <rows>3</rows>
  <cols>1</cols>
  <dt>d</dt>
  <data>
    2.1856860699760133e-01 6.6552630342026117e-02 1.3562154910579445e+00</data></tvec>
<rvec type_id="opencv-matrix">
  <rows>3</rows>
  <cols>1</cols>
  <dt>d</dt>
  <data>
    -1.9254229266730145e+00 2.0128107278998471e+00
    -4.6981400063003120e-01</data></rvec>
<rmat type_id="opencv-matrix">
  <rows>3</rows>
  <cols>3</cols>
  <dt>d</dt>
  <data>
    -4.4147433021558678e-02 -8.9539512622415462e-01
    4.4307851684733857e-01 -9.9902462285434468e-01
    3.9966788699395718e-02 -1.8773884302195731e-02
    -8.9838095559707548e-04 -4.4347516698806055e-01
    -8.9628620940889769e-01</data></rmat>
</opencv_storage>
