# SVS Engine v 4.0 Stereo Camera Parameter File



[image]
have_rect = 1 


[stereo]
frame = 1.0 


[external]
Tx = -158.924606 
Ty = -0.177724 
Tz = -1.089721 
Rx = -0.000172 
Ry = 0.016405 
Rz = 0.004066 


[left camera]
pwidth = 640 
pheight = 480 
dpx = 0.007000 
dpy = 0.007000 
sx = 1.000000 
Cx = 321.548971 
Cy = 244.805086 
f = 817.722458 
fy = 817.722458 
alpha = 0.000000 
kappa1 = -0.138392 
kappa2 = 0.492212 
kappa3 = -1.055054 
tau1 = 0.000390 
tau2 = 0.000954 
proj = 8.180000e+02 0.000000e+00 3.019046e+02 0.000000e+00 0.000000e+00 8.180000e+02 2.466920e+02 0.000000e+00 0.000000e+00 0.000000e+00 1.000000e+00 0.000000e+00 
rect = 9.997251e-01 -2.950252e-03 2.325976e-02 2.948515e-03 9.999956e-01 1.089779e-04 -2.325998e-02 -4.036622e-05 9.997295e-01 


[right camera]
pwidth = 640 
pheight = 480 
dpx = 0.007000 
dpy = 0.007000 
sx = 1.000000 
Cx = 307.647723 
Cy = 248.473739 
f = 816.228707 
fy = 816.228707 
alpha = 0.000000 
kappa1 = -0.128140 
kappa2 = 0.478275 
kappa3 = -1.228672 
tau1 = -0.001083 
tau2 = -0.000053 
proj = 8.180000e+02 0.000000e+00 3.019046e+02 -1.300003e+05 0.000000e+00 8.180000e+02 2.466920e+02 0.000000e+00 0.000000e+00 0.000000e+00 1.000000e+00 0.000000e+00 
rect = 9.999759e-01 1.118294e-03 6.856845e-03 -1.117782e-03 9.999993e-01 -7.850992e-05 -6.856928e-03 7.084357e-05 9.999765e-01 


[global]
GTx = 0
GTy = 0
GTz = 0
GRx = 0
GRy = 0
GRz = 0
#GTx = 42.273
#GTy = -866.702
#GTz = 647.030
#GRx = -2.338966
#GRy = -0.227906
#GRz = 0.077929
