<?xml version="1.0"?>
<opencv_storage>
<imgsize type_id="opencv-matrix">
  <rows>2</rows>
  <cols>1</cols>
  <dt>d</dt>
  <data>
    640. 480.</data></imgsize>
<intrinsic type_id="opencv-matrix">
  <rows>3</rows>
  <cols>3</cols>
  <dt>d</dt>
  <data>
    525. 0. 320. 0. 525. 240. 0. 0. 1.</data></intrinsic>
<distortion type_id="opencv-matrix">
  <rows>5</rows>
  <cols>1</cols>
  <dt>d</dt>
  <data>
    0. 0. 0. 0. 0.</data></distortion>
<projection type_id="opencv-matrix">
  <rows>3</rows>
  <cols>4</cols>
  <dt>d</dt>
  <data>
    525. 0. 2.6174585735797882e+02 0. 0. 525. 8.7651555061340332e+01
    7.5359145659495873e+04 0. 0. 1. 0.</data></projection>
<rotation type_id="opencv-matrix">
  <rows>3</rows>
  <cols>3</cols>
  <dt>d</dt>
  <data>
    7.6274358331632386e-01 6.4123935087677286e-01 8.3870859044777910e-02
    -6.3867494585100471e-01 7.2654648557628088e-01
    2.5342556666400357e-01 1.0157036798195695e-01
    -2.4686494118017277e-01 9.6371217755309069e-01</data></rotation>
<tvec type_id="opencv-matrix">
  <rows>3</rows>
  <cols>1</cols>
  <dt>d</dt>
  <data>
    -9.1676187187536187e-02 1.0428937606654812e-01
    3.6377017508710321e-02</data></tvec>
<rmat type_id="opencv-matrix">
  <rows>3</rows>
  <cols>3</cols>
  <dt>d</dt>
  <data>
    9.9959647878764901e-01 1.5158542017717649e-02 2.4022868255690669e-02
    -1.5070242992328790e-02 9.9987901598855489e-01
    -3.8524228624806753e-03 -2.4078358986553607e-02
    3.4888378661507586e-03 9.9970398650743530e-01</data></rmat>
</opencv_storage>
