# SVS Engine v 4.0 Stereo Camera Parameter File

[image]
have_rect = 1 

[stereo]
frame = 1.0 

[external]
Tx = -118.784390 
Ty = 0.826218 
Tz = 0.263763 
Rx = -0.005690 
Ry = 0.008173 
Rz = -0.002599 


[left camera]
pwidth = 640 
pheight = 480 
dpx = 0.007000 
dpy = 0.007000 
sx = 1.000000 
Cx = 313.313726 
Cy = 254.161561 
f = 812.692309 
fy = 814.708227 
alpha = 0.000000 
kappa1 = -0.113234 
kappa2 = 0.159645 
kappa3 = 0.068825 
tau1 = 0.001139 
tau2 = 0.000030 
proj = 8.160000e+02 0.000000e+00 3.081205e+02 0.000000e+00 0.000000e+00 8.160000e+02 2.495524e+02 0.000000e+00 0.000000e+00 0.000000e+00 1.000000e+00 0.000000e+00 
rect = 9.999729e-01 -4.366997e-03 5.920295e-03 4.350061e-03 9.999864e-01 2.870580e-03 -5.932750e-03 -2.844749e-03 9.999784e-01 

[right camera]
pwidth = 640 
pheight = 480 
dpx = 0.007000 
dpy = 0.007000 
sx = 1.000000 
Cx = 316.828244 
Cy = 244.569445 
f = 813.526556 
fy = 815.576293 
alpha = 0.000000 
kappa1 = -0.128375 
kappa2 = 0.252124 
kappa3 = -0.075602 
tau1 = 0.000999 
tau2 = -0.000335 
proj = 8.160000e+02 0.000000e+00 3.081205e+02 -9.692806e+04  0.000000e+00 8.160000e+02 2.495524e+02 0.000000e+00  0.000000e+00 0.000000e+00 1.000000e+00 0.000000e+00 
rect = 9.999734e-01 -6.955614e-03 -2.220521e-03 6.949240e-03 9.999717e-01 -2.865419e-03  2.240389e-03 2.849911e-03 9.999934e-01 


[global]
GTx = 0.000000 
GTy = 0.000000 
GTz = 0.000000 
GRx = 0.000000 
GRy = 0.000000 
GRz = 0.000000 
