<?xml version="1.0"?>
<opencv_storage>
<imgsize type_id="opencv-matrix">
  <rows>2</rows>
  <cols>1</cols>
  <dt>d</dt>
  <data>
    640. 480.</data></imgsize>
<intrinsic type_id="opencv-matrix">
  <rows>3</rows>
  <cols>3</cols>
  <dt>d</dt>
  <data>
    8.0968329358117842e+02 0. 3.1273516516134578e+02 0.
    8.1162776952540810e+02 2.5653229040788364e+02 0. 0. 1.</data></intrinsic>
<distortion type_id="opencv-matrix">
  <rows>4</rows>
  <cols>1</cols>
  <dt>d</dt>
  <data>
    -1.1707037677405399e-01 1.7971849977342744e-01
    2.3226833880177385e-03 3.5830466826710901e-04</data></distortion>
<tvecs type_id="opencv-matrix">
  <rows>23</rows>
  <cols>3</cols>
  <dt>d</dt>
  <data>
    4.1041361270550143e-207 2.5621065568231359e-202
    4.1033756904286726e-207 6.2624192771378836e-212
    4.1041390975107630e-207 6.2612589429993712e-212
    4.2988079033984895e-207 4.1033756904739982e-207
    2.8177689931796550e-202 4.2988138443098119e-207
    4.3003317588010912e-207 2.8177670617004443e-202
    4.6889178454530745e-207 2.9453510581145041e-202
    2.0148585275041818e-197 5.5904263195574348e+25
    5.1429237311975725e+25 8.2192847641238988e+20 2.2100874708644309e+35
    7.6846329401613959e+49 2.2577069086451859e+93
    5.2713538273114393e+267 -3.0462865926682581e+134
    -1.2094875251567006e+231 -8.2390742484659602e+269
    -2.2272437326840371e+284 -3.9679763621024951e+279
    -1.1170444154267067e+294 -1.7042337926499062e+289
    -6.2700295946292684e+245 -5.6470157112847141e+187
    -1.8567426857209361e+86 -6.5443534421037770e+129
    -1.2252721206427638e+115 8.6931997070093722e-134
    4.9461801626255212e-04 1.0889188825848171e-153
    1.2471391797919645e-134 2.7479572182566334e-144
    1.4696528930066066e-52 6.8635225047131714e-212
    -2.6154742967184622e-219 -6.7761078688362206e-234
    7.0102864360715225e+141 6.2486813147506114e+54
    2.3131205333504410e+35 7.2771060462955745e-09 4.8593885548893409e-33
    1.6569044998251973e-47 1.5192571009102005e-47 3.3792290583871763e-57
    3.0587389192680242e-57 1.7448433933155464e-76 2.2146115493840836e-52
    2.0049797772539996e-52 5.1534382506742161e-62 7.4897042448608995e-67
    6.7478573326419988e-67 2.0546990952666077e-81 2.0546950579818787e-81
    9.7324889179258136e-188 2.0154566233601393e-226
    1.4225761310421506e-110 1.4801019026770526e-105
    -9.7032380749419666e+230 .Nan .Nan .Nan -5.3146826916438853e+303</data></tvecs>
<rvecs type_id="opencv-matrix">
  <rows>23</rows>
  <cols>3</cols>
  <dt>d</dt>
  <data>
    4.1041361270550137e-207 5.9653692051237606e-212
    4.1041390974652611e-207 2.6896866522268898e-202
    4.1041390859072446e-207 2.8172687019231857e-202
    2.8182673757700137e-202 2.6901889130738638e-202
    2.9453491038219620e-202 1.9302652644623242e-197
    2.0984694188279096e-197 8.5331959018049267e+20
    5.1429163381453798e+25 2.0007666469569173e+35 9.9312720543124366e+44
    3.4260628970253135e+59 1.0254491828484212e+103
    3.3732023799562742e+253 -5.9127288086301279e+182
    -1.3789642224916495e+260 -1.6423711157784474e+289
    -1.1568022464705328e+294 -4.7990086182761167e+303 .Nan
    -7.5822491024196806e+298 -8.5718376762330687e+269
    -2.0217543614949405e+178 -1.0367625836977830e+130
    -3.1717863691117634e+168 -3.7384997793362885e+110
    1.1439170707083087e-182 1.9123459435818039e+11
    1.6611963805598271e-76 1.2158344174222555e-76
    4.4384032751615944e-149 3.6548573483489956e-86
    3.5887648231504395e-202 -5.0363937694963150e-229
    -7.8249837711487113e-210 3.3855226634304758e+122
    1.2624865896564440e+45 5.1438645875422419e+25 4.7679297972987408e-04
    6.1101958664826335e-09 6.8236294619110281e-38 9.9583550129555716e-43
    4.6691680050734529e-62 3.2174257898622023e-57 9.7282223986841174e-72
    1.3826777842058607e-47 5.1543915456899358e-62 7.1216814912278632e-67
    4.4241749385932716e-62 6.7493062855988291e-67 2.0549534452477937e-81
    1.3467329643110592e-76 6.3791960666575442e-183
    8.6581047266413792e-217 9.3229865508449207e-106
    1.4260258094350537e-105 -6.0411583994904940e+235 .Nan .Nan .Nan
    -5.3146826916438853e+303 -8.9072062732515538e+269
    -3.2692805853192158e-132 -7.7066182704372636e-200
    -2.2686068805495353e-272</data></rvecs>
</opencv_storage>
