<?xml version="1.0"?>
<opencv_storage>
<imgsize type_id="opencv-matrix">
  <rows>2</rows>
  <cols>1</cols>
  <dt>d</dt>
  <data>
    640. 480.</data></imgsize>
<intrinsic type_id="opencv-matrix">
  <rows>3</rows>
  <cols>3</cols>
  <dt>d</dt>
  <data>
    5.2258803976388390e+02 0. 3.3137106286458089e+02 0.
    5.2345293794149700e+02 2.5600137702422995e+02 0. 0. 1.</data></intrinsic>
<distortion type_id="opencv-matrix">
  <rows>4</rows>
  <cols>1</cols>
  <dt>d</dt>
  <data>
    1.5813980381503454e-01 -2.8762658890792231e-01
    1.0443974530015455e-02 1.0170714346865580e-02</data></distortion>
<tvecs type_id="opencv-matrix">
  <rows>23</rows>
  <cols>3</cols>
  <dt>d</dt>
  <data>
    -7.0703569094366360e+153 -2.6033387314189532e-93
    -1.7129514402680938e-122 -1.1659189752597629e-146
    -7.6634529789775834e-171 -1.1298653954254065e-175
    -1.6033045837319844e-180 -3.7340781547300594e-190
    -2.3534387820030532e-185 -1.6030683170926253e-180
    -7.6604008249864318e-171 -6.4946887303610874e-89
    -8.6623091295386516e+297 -5.3140103725178076e+303
    -5.3140103725178076e+303 -5.3140103725178076e+303
    -5.3140103725178076e+303 -5.3140103725178076e+303
    -5.3140103725178076e+303 -8.0883156882721803e-174
    -1.6416496468737213e-209 -4.4762029335952084e-224
    -4.5238268374468717e-253 -6.7900582003045066e-282
    3.8369828339969323e+117 1.2583340069808029e+132
    5.4725395480634472e-120 2.2650222345676149e-81
    4.3225313570872005e-91 1.9224028161510263e-81 1.9224018107222417e-81
    1.9885499483396164e-81 1.7444994179337547e-76 5.4118130264205685e-67
    1.4850823130116441e-76 1.3030441193720401e-76
    6.0374526607945106e-120 -6.3077474429424815e-79
    -1.9893873750210555e+105 -2.2344765503219771e+197
    -7.4786548476140665e+240 -1.6870762229861744e+260
    -9.6999910360651211e+105 5.1815811372025431e+228
    -1.9891514697473900e-272 -4.2627204166787272e-224
    -5.0165215323643710e-224 -2.1559588552599582e-214
    -4.8480771038613273e-166 -1.0111033347695570e-175
    -5.0216529048284575e-166 -3.2905563218164120e-161
    -3.2914262828092513e-161 -2.1570691373675645e-156
    -3.9882542716861521e-132 -2.1168997989779811e-93
    -3.1415792916958487e-69 -1.3103308821037466e-88
    -7.6365649263366236e-84 -1.2184799949555096e-30
    -2.9526930434171531e-40 -4.1565092136884853e-45
    -1.9350768904778518e-35 -2.0614720366395390e-64
    -3.1449906993509387e-69 -1.8384236203961763e-93
    -5.8200681897578816e-137 -3.3099587563602294e-190
    -1.7182908861219889e-209</data></tvecs>
<rvecs type_id="opencv-matrix">
  <rows>23</rows>
  <cols>3</cols>
  <dt>d</dt>
  <data>
    -5.1925686001390178e-166 -1.1298647882202154e-175
    -3.7324364296650056e-190 -1.5425840611061174e-180
    -2.2615062265463093e-185 -1.4218527240298721e-180
    -1.3117996423761318e-175 -6.0847114131922848e-108
    -1.6162683375529270e+269 -5.3140103725178076e+303
    -5.3140103725178076e+303 -5.3140103725178076e+303
    -5.3140103725178076e+303 -5.3140103725178076e+303
    -5.3140103725178076e+303 -1.2341790295825470e-178
    -1.0756760773683481e-204 -7.2423771577203897e-229
    -4.5251614271502992e-253 -7.1639760907034921e-258
    5.8538354369378702e+112 1.7838867517161954e+127
    2.2108630186023457e-105 6.8269929097553974e-96
    1.0064166595143434e-100 8.5396428781693521e-72
    4.6299489348461971e-91 4.4753389233219973e-91 1.4847409990177432e-76
    1.3463969369394703e-76 1.3973672676521007e-76 1.3028767671474353e-76
    2.0544376761905313e-81 -1.7821208292317387e-69
    -1.0001328481778028e+86 -4.9832757208408451e+187
    -5.4495804290900928e+245 -7.4737584294076966e+240
    -9.1019985388441077e+47 2.1456888588234997e+238
    -9.3372733679868721e-263 -6.2974732751616674e-229
    -1.1677551904984042e-233 -3.2883299814992181e-219
    -2.8416530512777142e-161 -7.1449039587888860e-171
    -4.6818243920797011e-166 -2.2293365769198798e-156
    -4.8520698704712784e-166 -9.8889799770177352e-147
    -3.0781085520499450e-127 -5.6747750916792327e-108
    -2.2219473673531557e-69 -3.6899672847774783e-74
    -7.2162191074400416e-55 -1.8708130562677113e-64
    -2.6078580002517453e-40 -2.6074131016735647e-40
    -6.0729324741155517e-50 -9.2681651719155855e-55
    -8.8571474591290174e-55 -3.9110667602065700e-74
    -1.3222365310156256e-117 -7.7066032802518410e-200
    -1.6419490130461158e-209 -1.5146107134651754e-238
    -1.0252522701551385e-204 -6.4101749169936230e-287
    -1.0284119125628369e-291</data></rvecs>
</opencv_storage>
