# SVS Engine v 4.0 Stereo Camera Parameter File



[image]
have_rect=1 


[stereo]
frame=1.0 


[external]
Tx=-117.880358 
Ty=-2.245317 
Tz=1.613257 
Rx=0.006832 
Ry=0.012702 
Rz=-0.003771 


[left camera]
pwidth=640 
pheight=480 
dpx=0.007400 
dpy=0.007400 
sx=1.000000 
Cx=315.741814 
Cy=230.519890 
f=803.704011 
fy=799.110598 
alpha=0.000000 
kappa1=-0.116541 
kappa2=0.345838 
kappa3=-2.109271 
tau1=0.000000 
tau2=0.000000 
proj= 8.020000e+02 0.000000e+00 3.164297e+02 0.000000e+00 0.000000e+00 8.020000e+02 2.390256e+02 0.000000e+00 0.000000e+00 0.000000e+00 1.000000e+00 0.000000e+00 
rect= 9.997401e-01 2.276734e-02 -1.129454e-03 -2.277114e-02 9.997346e-01 -3.476692e-03 1.049999e-03 3.501508e-03 9.999933e-01 


[right camera]
pwidth=640 
pheight=480 
dpx=0.007400 
dpy=0.007400 
sx=1.000000 
Cx=316.188766 
Cy=247.546823 
f=806.087935 
fy=802.321190 
alpha=0.000000 
kappa1=-0.169361 
kappa2=1.129789 
kappa3=-4.612062 
tau1=0.000000 
tau2=0.000000 
proj= 8.020000e+02 0.000000e+00 3.164297e+02 -9.454005e+04 0.000000e+00 8.020000e+02 2.390256e+02 0.000000e+00 0.000000e+00 0.000000e+00 1.000000e+00 0.000000e+00 
rect= 9.997249e-01 1.904743e-02 -1.368554e-02 -1.899955e-02 9.998130e-01 3.619594e-03 1.375193e-02 -3.358579e-03 9.998998e-01 


[global]
GTx=0.000000 
GTy=0.000000 
GTz=0.000000 
GRx=0.000000 
GRy=0.000000 
GRz=0.000000 
