# SVS Engine v 4.0 Stereo Camera Parameter File



[image]
have_rect=1 


[stereo]
frame=1.0 


[external]
Tx=-128.985830 
Ty=0.396795 
Tz=-26.611115 
Rx=-0.034470 
Ry=-0.056908 
Rz=-0.001676 


[left camera]
pwidth=640 
pheight=480 
dpx=0.007000 
dpy=0.007000 
sx=1.000000 
Cx=281.615573 
Cy=255.862997 
f=832.910272 
fy=842.406259 
alpha=0.000000 
kappa1=0.036153 
kappa2=-1.865268 
kappa3=7.856145 
tau1=0.006931 
tau2=-0.005876 
proj= 8.420000e+02 0.000000e+00 1.459554e+02 0.000000e+00 0.000000e+00 8.420000e+02 2.356258e+02 0.000000e+00 0.000000e+00 0.000000e+00 1.000000e+00 0.000000e+00 
rect= 9.886368e-01 -7.572677e-03 1.501332e-01 4.987926e-03 9.998329e-01 1.758548e-02 -1.502413e-01 -1.663680e-02 9.885094e-01 


[right camera]
pwidth=640 
pheight=480 
dpx=0.007000 
dpy=0.007000 
sx=1.000000 
Cx=329.495834 
Cy=217.006966 
f=804.786099 
fy=807.411819 
alpha=0.000000 
kappa1=-0.330077 
kappa2=2.710907 
kappa3=-12.293939 
tau1=0.002638 
tau2=-0.001003 
proj= 8.420000e+02 0.000000e+00 1.459554e+02 -1.086061e+05 0.000000e+00 8.420000e+02 2.356258e+02 0.000000e+00 0.000000e+00 0.000000e+00 1.000000e+00 0.000000e+00 
rect= 9.784818e-01 -3.076268e-03 2.063104e-01 6.635286e-03 9.998409e-01 -1.656111e-02 -2.062266e-01 1.757367e-02 9.783465e-01 


[global]
GTx=0.000000 
GTy=0.000000 
GTz=0.000000 
GRx=0.000000 
GRy=0.000000 
GRz=0.000000 
