# SVS Engine v 4.0 Stereo Camera Parameter File



[image]
have_rect=1 


[stereo]
frame=1.0 


[external]
Tx=-115.575611 
Ty=7.882796 
Tz=10.361915 
Rx=-0.010757 
Ry=-0.083318 
Rz=-0.004760 


[left camera]
pwidth=640 
pheight=480 
dpx=0.007000 
dpy=0.007000 
sx=1.000000 
Cx=280.560697 
Cy=256.657742 
f=790.753954 
fy=793.280439 
alpha=0.000000 
kappa1=0.049633 
kappa2=-0.251938 
kappa3=1.001587 
tau1=-0.002945 
tau2=-0.028577 
proj= 8.130000e+02 0.000000e+00 4.226290e+02 0.000000e+00 0.000000e+00 8.130000e+02 2.495806e+02 0.000000e+00 0.000000e+00 0.000000e+00 1.000000e+00 0.000000e+00 
rect= 9.830071e-01 -6.208498e-02 -1.727498e-01 6.275141e-02 9.980279e-01 -1.606167e-03 1.725089e-01 -9.261422e-03 9.849644e-01 


[right camera]
pwidth=640 
pheight=480 
dpx=0.007000 
dpy=0.007000 
sx=1.000000 
Cx=350.813004 
Cy=235.753628 
f=812.242499 
fy=812.727347 
alpha=0.000000 
kappa1=-0.348827 
kappa2=1.390195 
kappa3=-2.901501 
tau1=-0.002007 
tau2=-0.001725 
proj= 8.130000e+02 0.000000e+00 4.226290e+02 -9.396297e+04 0.000000e+00 8.130000e+02 2.495806e+02 0.000000e+00 0.000000e+00 0.000000e+00 1.000000e+00 0.000000e+00 
rect= 9.936348e-01 -6.820466e-02 -8.965486e-02 6.785897e-02 9.976711e-01 -6.901779e-03 8.991679e-02 7.739616e-04 9.959490e-01 


[global]
GTx=0.000000 
GTy=0.000000 
GTz=0.000000 
GRx=0.000000 
GRy=0.000000 
GRz=0.000000 
