<?xml version="1.0"?>
<opencv_storage>
<imgsize type_id="opencv-matrix">
  <rows>2</rows>
  <cols>1</cols>
  <dt>d</dt>
  <data>
    640. 480.</data></imgsize>
<intrinsic type_id="opencv-matrix">
  <rows>3</rows>
  <cols>3</cols>
  <dt>d</dt>
  <data>
    8.1630426176995616e+02 0. 3.2095308613421480e+02 0.
    8.1506978813409023e+02 2.2567125557310510e+02 0. 0. 1.</data></intrinsic>
<distortion type_id="opencv-matrix">
  <rows>4</rows>
  <cols>1</cols>
  <dt>d</dt>
  <data>
    -1.1835995020762498e-01 1.0960089312999635e-01
    5.9798451701299836e-04 -8.8328602368883437e-04</data></distortion>
<tvecs type_id="opencv-matrix">
  <rows>21</rows>
  <cols>3</cols>
  <dt>d</dt>
  <data>
    4.2110681533813477e-05 9.3672395885896972e-317
    -3.3417358398437509e+00 1.0000000000000001e-01
    -7.3748826980590820e-03 2. 0. 10. 0. 0. 0. 0. 0. 0. 10. 0. 0. 10. 0.
    0. 0. 0. 2.1474836480000000e+09 4.9406564584124654e-324 0. 0. 0.
    1.3249800758785568e-06 0. 0. 6.9344881821298607e-310
    2.0774211861862568e-07 0. 0. 0. 0. 1. 0. 0. 1. 0. 0. 1. 0. 0. 1. 0.
    0. 1. 0. 0. 1. 0. 0. 0. 0. 0. 0. 0. 3.0074520416747104e-06
    9.3674727875745343e-317 0. 0.</data></tvecs>
<rvecs type_id="opencv-matrix">
  <rows>21</rows>
  <cols>3</cols>
  <dt>d</dt>
  <data>
    0. 6.9344700452954134e-310 1. 0. 0. 1. 0. 0. 1. 0. 0. 1. 0. 0. 72.
    72. 300. 300. 0. 0. 0. 6.9344700452954134e-310 0.
    1.1857575500189917e-322 0. 9.3648680734896592e-317
    9.3650182694459950e-317 0. 0. 6.9344935848950085e-310 0.
    3.6264635299566021e-316 9.1449021429108028e-317
    8.1176424026489258e-01 9.1671627646498260e-317 0.
    4.9406564584124654e-323 1.0185579799795327e-311
    1.1857575500189917e-322 3.6264635793631666e-316 0.
    2.5406245612258036e-315 5.3687104794140625e+08 0. 0. 0.
    9.3667810956703565e-317 0. 9.2286245309924771e-317
    1.4821969375237396e-323 3.2379086165851934e-319 0.
    3.2379086165851934e-319 0. 3.2379086165851934e-319
    1.3852389349087995e-309 2.4505656033725829e-321
    2.3715151000379834e-322 0. 3.6264594786183062e-316 0. 0. 0.</data></rvecs>
</opencv_storage>
